vote,public_key_id,honest,valid
0,22,1,1
1,24,1,1
2,6,0,1
3,32,1,1
4,25,1,1
5,17,1,1
6,32,1,1
7,24,1,1
8,9,1,1
9,32,1,1
10,1,1,1
11,24,1,1
12,1,1,1
13,1,1,0
14,32,1,1
15,1,1,1
16,11,0,1
17,32,1,1
18,5,0,1
19,1,1,1
20,9,1,1
21,3,0,1
22,1,1,1
23,1,1,1
24,3,0,1
25,32,1,1
26,32,1,1
27,1,1,1
28,1,1,1
29,3,0,1
30,1,1,1
31,1,1,1
32,32,1,1
33,10,1,1
34,5,0,1
35,11,0,1
36,1,1,1
37,6,0,1
38,1,1,1
39,32,1,1
40,32,1,1
41,32,1,1
42,24,1,1
43,13,0,1
44,9,1,1
45,1,1,1
46,1,1,1
47,1,1,1
48,32,1,1
49,3,0,1
50,1,1,1
51,1,1,1
52,3,0,1
53,32,1,1
54,9,1,1
55,32,1,1
56,7,1,1
57,11,0,1
58,6,0,1
59,25,1,1
60,1,1,1
61,5,0,1
62,1,1,1
63,1,1,1
64,32,1,1
65,1,1,1
66,28,0,1
67,7,1,1
68,3,0,1
69,24,1,1
70,11,0,1
71,1,1,1
72,1,1,1
73,3,0,1
74,3,0,1
75,27,0,1
76,1,1,1
77,33,0,1
78,3,0,1
79,16,0,1
80,0,0,1
81,3,0,1
82,5,0,1
83,32,1,1
84,1,1,1
85,1,1,1
86,24,1,1
87,1,1,0
88,35,0,1
89,3,0,1
90,5,0,1
91,11,0,1
92,32,1,1
93,16,0,1
94,13,0,1
95,7,1,1
96,32,1,1
97,5,0,1
98,17,1,1
99,1,1,1
100,1,1,1
101,32,1,1
102,1,1,1
103,8,0,1
104,32,1,1
105,24,1,1
106,11,0,1
107,1,1,1
108,32,1,1
109,1,1,1
110,16,0,1
111,20,1,1
112,1,1,1
113,25,1,1
114,1,1,1
115,9,1,1
116,32,1,1
117,1,1,1
118,11,0,1
119,3,0,1
120,1,1,1
121,32,1,1
122,1,1,1
123,15,1,1
124,3,0,1
125,1,1,1
126,1,1,1
127,24,1,1
128,1,1,1
129,24,1,1
130,32,1,1
131,32,1,1
132,1,1,1
133,11,0,1
134,11,0,1
135,20,1,1
136,24,1,1
137,24,1,1
138,0,0,1
139,3,0,1
140,1,1,1
141,32,1,1
142,5,0,1
143,32,1,1
144,3,0,1
145,1,1,1
146,1,1,1
147,0,0,1
148,1,1,1
149,24,1,1
150,32,1,1
151,12,0,1
152,1,1,1
153,7,1,1
154,6,0,1
155,10,1,1
156,3,0,1
157,6,0,1
158,3,0,1
159,3,0,1
160,32,1,1
161,1,1,1
162,7,1,1
163,4,1,1
164,32,1,1
165,32,1,1
166,3,0,1
167,1,1,1
168,7,1,1
169,11,0,1
170,32,1,1
171,1,1,1
172,1,1,1
173,3,0,1
174,32,1,1
175,25,1,1
176,5,0,1
177,3,0,1
178,24,1,1
179,6,0,1
180,1,1,1
181,24,1,1
182,1,1,1
183,32,1,1
184,1,1,1
185,32,1,1
186,24,1,1
187,32,1,1
188,3,0,1
189,1,1,1
190,3,0,1
191,24,1,1
192,32,1,1
193,19,1,1
194,11,0,1
195,3,0,1
196,32,1,1
197,1,1,1
198,13,0,1
199,0,0,1
200,32,1,1
201,32,1,1
202,7,1,1
203,11,0,1
204,32,1,1
205,1,1,1
206,32,1,1
207,24,1,1
208,1,1,1
209,25,1,1
210,6,0,1
211,32,1,1
212,3,0,1
213,1,1,1
214,4,1,1
215,19,1,1
216,32,1,1
217,3,0,1
218,1,1,1
219,1,1,1
220,28,0,1
221,17,1,1
222,3,0,1
223,24,1,1
224,24,1,1
225,32,1,1
226,1,1,1
227,11,0,1
228,1,1,1
229,32,1,1
230,7,1,1
231,6,0,1
232,32,1,1
233,11,0,1
234,11,0,1
235,32,1,1
236,1,1,1
237,11,0,1
238,24,1,1
239,1,1,1
240,32,1,1
241,32,1,1
242,17,1,1
243,1,1,1
244,3,0,1
245,1,1,1
246,24,1,1
247,32,1,1
248,24,1,1
249,32,1,1
250,3,0,1
251,1,1,1
252,11,0,1
253,1,1,1
254,1,1,1
255,32,1,1
256,6,0,1
257,32,1,1
258,24,1,1
259,32,1,1
260,13,0,1
261,32,1,1
262,5,0,1
263,24,1,1
264,24,1,1
265,32,1,1
266,24,1,1
267,18,0,1
268,1,1,1
269,1,1,1
270,1,1,1
271,32,1,1
272,5,0,1
273,3,0,1
274,32,1,1
275,32,1,1
276,32,1,1
277,32,1,1
278,32,1,1
279,32,1,1
280,24,1,1
281,7,1,1
282,32,1,1
283,32,1,1
284,24,1,1
285,24,1,1
286,17,1,1
287,19,1,1
288,7,1,1
289,32,1,1
290,1,1,1
291,5,0,1
292,1,1,1
293,24,1,1
294,13,0,1
295,12,0,1
296,18,0,1
297,1,1,1
298,7,1,1
299,6,0,1
300,1,1,1
301,3,0,1
302,12,0,1
303,1,1,1
304,1,1,1
305,12,0,1
306,11,0,1
307,24,1,1
308,1,1,1
309,24,1,1
310,1,1,1
311,32,1,1
312,5,0,1
313,24,1,1
314,32,1,1
315,3,0,1
316,5,0,1
317,32,1,1
318,3,0,1
319,19,1,1
320,3,0,1
321,32,1,1
322,1,1,0
323,32,1,1
324,7,1,1
325,6,0,1
326,32,1,1
327,6,0,1
328,1,1,1
329,22,1,1
330,1,1,1
331,1,1,1
332,32,1,1
333,1,1,1
334,27,0,1
335,1,1,1
336,32,1,1
337,11,0,1
338,32,1,1
339,3,0,1
340,5,0,1
341,1,1,1
342,32,1,1
343,11,0,1
344,1,1,1
345,16,0,1
346,1,1,1
347,32,1,1
348,32,1,1
349,1,1,1
350,32,1,1
351,20,1,1
352,1,1,1
353,32,1,1
354,2,0,1
355,3,0,1
356,24,1,1
357,1,1,1
358,33,0,1
359,1,1,1
360,32,1,1
361,1,1,1
362,1,1,1
363,5,0,1
364,1,1,1
365,17,1,1
366,13,0,1
367,16,0,1
368,24,1,1
369,1,1,1
370,3,0,1
371,32,1,1
372,24,1,1
373,6,0,1
374,1,1,1
375,17,1,1
376,1,1,1
377,7,1,1
378,1,1,1
379,1,1,1
380,1,1,1
381,11,0,1
382,1,1,1
383,1,1,1
384,3,0,1
385,32,1,1
386,11,0,1
387,7,1,1
388,32,1,1
389,32,1,1
390,1,1,1
391,1,1,1
392,10,1,1
393,5,0,1
394,7,1,1
395,32,1,1
396,9,1,1
397,24,1,1
398,1,1,1
399,32,1,1
400,5,0,1
401,9,1,1
402,3,0,1
403,1,1,1
404,6,0,1
405,7,1,1
406,1,1,1
407,1,1,1
408,3,0,1
409,11,0,1
410,1,1,1
411,1,1,1
412,1,1,1
413,3,0,1
414,7,1,1
415,1,1,1
416,32,1,1
417,3,0,1
418,32,1,1
419,7,1,1
420,3,0,1
421,9,1,1
422,1,1,1
423,32,1,1
424,5,0,1
425,29,0,1
426,7,1,1
427,32,1,1
428,32,1,1
429,11,0,1
430,32,1,1
431,3,0,1
432,1,1,1
433,3,0,1
434,11,0,1
435,32,1,1
436,32,1,1
437,1,1,1
438,32,1,1
439,7,1,1
440,32,1,1
441,1,1,0
442,32,1,1
443,24,1,1
444,18,0,1
445,1,1,1
446,32,1,1
447,6,0,1
448,32,1,1
449,24,1,1
450,1,1,1
451,15,1,1
452,32,1,1
453,32,1,1
454,33,0,1
455,1,1,1
456,26,1,1
457,32,1,1
458,11,0,1
459,1,1,1
460,19,1,1
461,12,0,1
462,24,1,1
463,32,1,1
464,1,1,1
465,32,1,1
466,7,1,1
467,17,1,1
468,1,1,1
469,16,0,1
470,1,1,1
471,9,1,1
472,3,0,1
473,32,1,1
474,11,0,1
475,32,1,1
476,1,1,1
477,1,1,1
478,5,0,1
479,11,0,1
480,10,1,1
481,5,0,1
482,17,1,1
483,5,0,1
484,0,0,1
485,12,0,1
486,9,1,1
487,1,1,1
488,1,1,1
489,9,1,1
490,3,0,1
491,3,0,1
492,0,0,1
493,1,1,1
494,32,1,1
495,3,0,1
496,20,1,1
497,12,0,1
498,32,1,1
499,33,0,1
500,3,0,1
501,32,1,1
502,24,1,1
503,20,1,1
504,24,1,1
505,32,1,1
506,32,1,1
507,1,1,1
508,12,0,1
509,11,0,1
510,17,1,1
511,1,1,1
512,32,1,1
513,1,1,1
514,1,1,1
515,1,1,1
516,1,1,1
517,22,1,1
518,3,0,1
519,32,1,1
520,32,1,1
521,24,1,1
522,24,1,1
523,6,0,1
524,32,1,1
525,32,1,1
526,3,0,1
527,0,0,1
528,1,1,1
529,24,1,1
530,32,1,1
531,11,0,1
532,32,1,1
533,1,1,0
534,32,1,1
535,11,0,1
536,1,1,1
537,24,1,1
538,6,0,1
539,3,0,1
540,32,1,1
541,19,1,1
542,32,1,1
543,32,1,1
544,5,0,1
545,1,1,1
546,24,1,1
547,28,0,1
548,32,1,1
549,32,1,1
550,11,0,1
551,32,1,1
552,33,0,1
553,11,0,1
554,7,1,1
555,1,1,1
556,10,1,1
557,6,0,1
558,1,1,1
559,7,1,1
560,23,0,1
561,1,1,1
562,6,0,1
563,1,1,1
564,32,1,1
565,1,1,1
566,24,1,1
567,32,1,1
568,32,1,1
569,32,1,1
570,1,1,1
571,7,1,1
572,3,0,1
573,32,1,1
574,1,1,1
575,11,0,1
576,5,0,1
577,1,1,1
578,5,0,1
579,32,1,1
580,34,1,1
581,32,1,1
582,32,1,1
583,15,1,1
584,1,1,1
585,11,0,1
586,1,1,1
587,22,1,1
588,6,0,1
589,1,1,1
590,19,1,1
591,32,1,1
592,9,1,1
593,1,1,1
594,1,1,1
595,32,1,1
596,1,1,1
597,9,1,1
598,24,1,1
599,12,0,1
600,32,1,1
601,10,1,1
602,1,1,1
603,1,1,1
604,32,1,1
605,6,0,1
606,3,0,1
607,11,0,1
608,1,1,1
609,11,0,1
610,5,0,1
611,3,0,1
612,32,1,1
613,32,1,1
614,6,0,1
615,1,1,1
616,7,1,1
617,17,1,1
618,24,1,1
619,32,1,1
620,1,1,1
621,5,0,1
622,6,0,1
623,32,1,1
624,1,1,1
625,1,1,1
626,5,0,1
627,1,1,1
628,32,1,1
629,1,1,1
630,16,0,1
631,32,1,1
632,32,1,1
633,32,1,1
634,1,1,1
635,1,1,1
636,32,1,1
637,1,1,1
638,3,0,1
639,1,1,1
640,15,1,1
641,1,1,1
642,1,1,1
643,1,1,1
644,33,0,1
645,1,1,1
646,1,1,1
647,24,1,1
648,1,1,1
649,24,1,1
650,32,1,1
651,1,1,1
652,6,0,1
653,3,0,1
654,3,0,1
655,33,0,1
656,32,1,1
657,5,0,1
658,19,1,1
659,4,1,1
660,8,0,1
661,1,1,1
662,3,0,1
663,17,1,1
664,32,1,1
665,9,1,1
666,1,1,1
667,1,1,1
668,1,1,1
669,24,1,1
670,1,1,1
671,3,0,1
672,1,1,1
673,1,1,1
674,1,1,1
675,6,0,1
676,6,0,1
677,5,0,1
678,1,1,1
679,32,1,1
680,1,1,1
681,32,1,1
682,14,0,1
683,24,1,1
684,24,1,1
685,3,0,1
686,1,1,1
687,1,1,1
688,1,1,1
689,32,1,1
690,1,1,1
691,32,1,1
692,11,0,1
693,24,1,1
694,11,0,1
695,6,0,1
696,32,1,1
697,32,1,1
698,7,1,1
699,32,1,1
700,32,1,1
701,3,0,1
702,0,0,1
703,32,1,1
704,11,0,1
705,32,1,1
706,12,0,1
707,11,0,1
708,32,1,1
709,6,0,1
710,11,0,1
711,3,0,1
712,11,0,1
713,1,1,1
714,1,1,1
715,26,1,1
716,32,1,1
717,14,0,1
718,11,0,1
719,32,1,1
720,1,1,1
721,24,1,1
722,24,1,1
723,3,0,1
724,5,0,1
725,3,0,1
726,28,0,1
727,32,1,1
728,1,1,1
729,17,1,1
730,1,1,1
731,9,1,1
732,24,1,1
733,1,1,1
734,1,1,1
735,1,1,1
736,24,1,1
737,6,0,1
738,1,1,1
739,5,0,1
740,32,1,1
741,3,0,1
742,9,1,1
743,3,0,1
744,6,0,1
745,11,0,1
746,24,1,1
747,24,1,1
748,16,0,1
749,11,0,1
750,10,1,1
751,1,1,1
752,5,0,1
753,1,1,1
754,5,0,1
755,1,1,1
756,32,1,1
757,32,1,1
758,1,1,1
759,32,1,1
760,1,1,1
761,32,1,1
762,11,0,1
763,32,1,1
764,1,1,1
765,32,1,1
766,7,1,1
767,5,0,1
768,32,1,1
769,24,1,1
770,32,1,1
771,32,1,1
772,3,0,1
773,1,1,1
774,32,1,1
775,11,0,1
776,19,1,1
777,1,1,1
778,12,0,1
779,24,1,1
780,32,1,1
781,32,1,1
782,25,1,1
783,9,1,1
784,0,0,1
785,30,0,1
786,1,1,1
787,1,1,1
788,1,1,1
789,32,1,1
790,7,1,1
791,32,1,1
792,3,0,1
793,25,1,1
794,24,1,1
795,24,1,1
796,32,1,1
797,6,0,1
798,24,1,1
799,9,1,1
800,1,1,1
801,24,1,1
802,8,0,1
803,24,1,1
804,24,1,1
805,1,1,1
806,12,0,1
807,3,0,1
808,3,0,1
809,32,1,1
810,11,0,1
811,32,1,1
812,1,1,1
813,4,1,1
814,1,1,1
815,3,0,1
816,6,0,1
817,3,0,1
818,1,1,1
819,1,1,1
820,7,1,1
821,3,0,1
822,11,0,1
823,7,1,1
824,32,1,1
825,19,1,1
826,1,1,1
827,1,1,1
828,5,0,1
829,1,1,1
830,33,0,1
831,12,0,1
832,1,1,1
833,32,1,1
834,1,1,1
835,9,1,1
836,22,1,1
837,1,1,1
838,1,1,1
839,1,1,1
840,11,0,1
841,32,1,1
842,24,1,1
843,1,1,1
844,7,1,1
845,7,1,1
846,17,1,1
847,1,1,1
848,24,1,1
849,1,1,1
850,3,0,1
851,17,1,1
852,20,1,1
853,32,1,1
854,0,0,1
855,32,1,1
856,1,1,1
857,11,0,1
858,3,0,1
859,1,1,1
860,24,1,1
861,32,1,1
862,11,0,1
863,32,1,1
864,16,0,1
865,24,1,1
866,7,1,1
867,11,0,1
868,1,1,1
869,7,1,1
870,24,1,1
871,32,1,1
872,33,0,1
873,3,0,1
874,1,1,1
875,32,1,1
876,24,1,1
877,24,1,1
878,16,0,1
879,1,1,1
880,16,0,1
881,32,1,1
882,1,1,1
883,32,1,1
884,3,0,1
885,1,1,1
886,32,1,1
887,11,0,1
888,24,1,1
889,1,1,1
890,0,0,1
891,1,1,1
892,6,0,1
893,7,1,1
894,1,1,1
895,11,0,1
896,11,0,1
897,15,1,1
898,1,1,1
899,32,1,1
900,1,1,1
901,12,0,1
902,1,1,1
903,12,0,1
904,16,0,1
905,32,1,1
906,32,1,1
907,7,1,1
908,1,1,1
909,32,1,1
910,1,1,1
911,7,1,1
912,25,1,1
913,1,1,1
914,6,0,1
915,32,1,1
916,7,1,1
917,10,1,1
918,1,1,1
919,24,1,1
920,27,0,1
921,1,1,1
922,3,0,1
923,1,1,1
924,1,1,1
925,32,1,1
926,5,0,1
927,32,1,1
928,1,1,1
929,24,1,1
930,3,0,1
931,31,1,1
932,5,0,1
933,3,0,1
934,3,0,1
935,10,1,1
936,1,1,1
937,32,1,1
938,5,0,1
939,17,1,1
940,32,1,1
941,1,1,1
942,32,1,1
943,1,1,1
944,0,0,1
945,24,1,1
946,11,0,1
947,1,1,1
948,32,1,1
949,1,1,1
950,6,0,1
951,1,1,1
952,32,1,1
953,32,1,1
954,32,1,1
955,17,1,1
956,3,0,1
957,17,1,1
958,24,1,1
959,24,1,1
960,32,1,1
961,1,1,0
962,24,1,1
963,1,1,1
964,1,1,1
965,5,0,1
966,21,0,1
967,24,1,1
968,33,0,1
969,19,1,1
970,6,0,1
971,3,0,1
972,24,1,1
973,19,1,1
974,3,0,1
975,24,1,1
976,24,1,1
977,1,1,1
978,7,1,1
979,1,1,1
980,5,0,1
981,3,0,1
982,1,1,1
983,27,0,1
984,1,1,1
985,1,1,1
986,32,1,1
987,4,1,1
988,24,1,1
989,27,0,1
990,7,1,1
991,1,1,1
992,1,1,1
993,0,0,1
994,24,1,1
995,7,1,1
996,32,1,1
997,1,1,1
998,32,1,1
999,15,1,1
