vote,public_key_id,honest,valid
0,45,1,1
1,7,1,1
2,3,0,1
3,27,0,1
4,13,1,1
5,12,1,1
6,13,1,1
7,23,0,1
8,46,0,1
9,24,1,1
10,21,1,1
11,9,1,1
12,0,1,1
13,23,0,1
14,27,0,1
15,33,0,1
16,43,0,1
17,9,1,1
18,29,0,1
19,11,1,1
20,32,0,1
21,14,0,1
22,23,0,1
23,48,1,1
24,0,1,1
25,4,1,1
26,51,0,1
27,0,1,1
28,29,0,1
29,27,0,1
30,25,1,1
31,8,1,1
32,25,1,1
33,45,1,1
34,0,1,1
35,11,1,1
36,2,1,1
37,17,1,1
38,14,0,1
39,0,1,1
40,7,1,1
41,8,1,1
42,21,1,1
43,25,1,1
44,20,0,1
45,20,0,1
46,34,1,1
47,21,1,1
48,48,1,1
49,0,1,1
50,3,0,1
51,18,0,1
52,2,1,1
53,27,0,1
54,23,0,1
55,10,1,1
56,7,1,1
57,43,0,1
58,27,0,1
59,7,1,1
60,7,1,1
61,45,1,1
62,5,1,1
63,3,0,1
64,23,0,1
65,4,1,1
66,8,1,1
67,13,1,1
68,29,0,1
69,25,1,1
70,21,1,1
71,37,1,1
72,61,0,1
73,27,0,1
74,43,0,1
75,11,1,1
76,12,1,1
77,18,0,1
78,23,0,1
79,0,1,1
80,49,0,1
81,25,1,1
82,3,0,1
83,0,1,1
84,1,1,1
85,13,1,1
86,24,1,1
87,27,0,1
88,4,1,1
89,10,1,1
90,50,1,1
91,0,1,1
92,37,1,1
93,2,1,1
94,6,1,1
95,10,1,1
96,44,1,1
97,48,1,1
98,6,1,1
99,18,0,1
100,26,0,1
101,43,0,1
102,13,1,1
103,37,1,1
104,18,0,1
105,2,1,1
106,43,0,1
107,7,1,1
108,44,1,1
109,23,0,1
110,5,1,1
111,25,1,1
112,21,1,1
113,21,1,1
114,20,0,1
115,3,0,1
116,45,1,1
117,32,0,1
118,45,1,1
119,21,1,1
120,27,0,1
121,49,0,1
122,27,0,1
123,43,0,1
124,15,1,1
125,15,1,1
126,13,1,1
127,13,1,1
128,14,0,1
129,21,1,1
130,21,1,1
131,21,1,1
132,21,1,1
133,1,1,1
134,25,1,1
135,0,1,1
136,26,0,1
137,9,1,1
138,18,0,1
139,39,1,1
140,43,0,1
141,44,1,1
142,57,1,1
143,16,1,1
144,42,1,1
145,16,1,1
146,28,1,1
147,8,1,1
148,39,1,1
149,45,1,1
150,16,1,1
151,42,1,1
152,33,0,1
153,27,0,1
154,62,1,1
155,16,1,1
156,31,1,1
157,35,0,1
158,5,1,1
159,6,1,1
160,8,1,1
161,40,1,1
162,4,1,1
163,49,0,1
164,3,0,1
165,10,1,1
166,12,1,1
167,11,1,1
168,9,1,1
169,15,1,1
170,20,0,1
171,4,1,1
172,47,1,1
173,55,1,1
174,21,1,1
175,24,1,1
176,6,1,1
177,29,0,1
178,48,1,1
179,44,1,1
180,0,1,1
181,37,1,1
182,28,1,1
183,6,1,1
184,16,1,1
185,2,1,1
186,1,1,1
187,25,1,1
188,3,0,1
189,29,0,1
190,12,1,1
191,17,1,1
192,13,1,1
193,0,1,1
194,7,1,1
195,33,0,1
196,12,1,1
197,28,1,1
198,11,1,1
199,27,0,1
200,7,1,1
201,8,1,1
202,20,0,1
203,6,1,1
204,11,1,1
205,19,0,1
206,14,0,1
207,9,1,1
208,17,1,1
209,29,0,0
210,21,1,1
211,28,1,1
212,16,1,1
213,27,0,1
214,23,0,1
215,6,1,1
216,41,1,1
217,3,0,1
218,10,1,1
219,54,0,1
220,21,1,1
221,48,1,1
222,7,1,1
223,25,1,1
224,1,1,1
225,40,1,1
226,21,1,1
227,23,0,1
228,10,1,1
229,14,0,1
230,15,1,1
231,14,0,1
232,9,1,1
233,0,1,1
234,39,1,1
235,22,0,1
236,22,0,1
237,33,0,1
238,11,1,1
239,10,1,1
240,24,1,1
241,23,0,1
242,12,1,1
243,18,0,1
244,45,1,1
245,21,1,1
246,14,0,1
247,21,1,1
248,22,0,1
249,59,0,1
250,12,1,1
251,1,1,1
252,19,0,1
253,42,1,1
254,5,1,1
255,47,1,1
256,42,1,1
257,6,1,1
258,27,0,1
259,28,1,1
260,0,1,1
261,23,0,1
262,21,1,1
263,6,1,1
264,2,1,1
265,23,0,1
266,23,0,1
267,18,0,1
268,7,1,1
269,19,0,1
270,13,1,1
271,21,1,1
272,45,1,1
273,43,0,1
274,28,1,1
275,21,1,1
276,28,1,1
277,4,1,1
278,21,1,1
279,32,0,1
280,45,1,1
281,13,1,1
282,49,0,1
283,29,0,1
284,0,1,1
285,28,1,1
286,10,1,1
287,12,1,1
288,11,1,1
289,19,0,1
290,1,1,1
291,5,1,1
292,32,0,1
293,18,0,1
294,28,1,1
295,24,1,1
296,22,0,1
297,41,1,1
298,23,0,1
299,10,1,1
300,24,1,1
301,3,0,1
302,21,1,1
303,20,0,1
304,6,1,1
305,3,0,1
306,21,1,1
307,13,1,1
308,17,1,0
309,12,1,1
310,37,1,1
311,15,1,1
312,23,0,1
313,37,1,1
314,40,1,1
315,37,1,1
316,58,1,1
317,25,1,1
318,42,1,1
319,22,0,1
320,5,1,1
321,31,1,1
322,4,1,1
323,29,0,1
324,33,0,1
325,10,1,1
326,23,0,1
327,7,1,1
328,8,1,1
329,42,1,1
330,25,1,1
331,15,1,1
332,23,0,1
333,21,1,1
334,33,0,1
335,7,1,1
336,14,0,1
337,2,1,1
338,10,1,1
339,24,1,1
340,18,0,1
341,7,1,1
342,13,1,1
343,1,1,1
344,8,1,1
345,6,1,1
346,28,1,1
347,7,1,1
348,37,1,1
349,4,1,1
350,44,1,1
351,16,1,1
352,18,0,1
353,32,0,1
354,23,0,1
355,17,1,1
356,0,1,1
357,11,1,1
358,21,1,1
359,22,0,1
360,28,1,1
361,2,1,1
362,7,1,1
363,48,1,1
364,6,1,1
365,2,1,1
366,27,0,1
367,39,1,1
368,31,1,1
369,10,1,1
370,2,1,1
371,55,1,1
372,21,1,1
373,1,1,1
374,14,0,1
375,45,1,1
376,12,1,1
377,12,1,1
378,6,1,1
379,13,1,1
380,34,1,1
381,22,0,1
382,16,1,1
383,1,1,1
384,17,1,1
385,22,0,1
386,28,1,1
387,43,0,1
388,14,0,1
389,43,0,1
390,33,0,1
391,17,1,1
392,6,1,1
393,33,0,1
394,1,1,1
395,14,0,1
396,7,1,1
397,22,0,1
398,42,1,1
399,23,0,1
400,19,0,1
401,9,1,1
402,32,0,1
403,39,1,1
404,2,1,1
405,16,1,1
406,27,0,1
407,8,1,1
408,14,0,1
409,6,1,1
410,10,1,1
411,40,1,1
412,48,1,1
413,14,0,1
414,44,1,1
415,11,1,1
416,1,1,1
417,7,1,1
418,5,1,1
419,24,1,1
420,16,1,1
421,2,1,1
422,1,1,1
423,26,0,1
424,4,1,1
425,37,1,1
426,25,1,1
427,9,1,1
428,6,1,1
429,26,0,1
430,57,1,1
431,7,1,1
432,1,1,1
433,10,1,1
434,39,1,1
435,7,1,1
436,43,0,1
437,42,1,1
438,9,1,1
439,37,1,1
440,18,0,1
441,7,1,1
442,24,1,1
443,28,1,1
444,45,1,1
445,9,1,1
446,16,1,1
447,27,0,1
448,6,1,1
449,14,0,1
450,1,1,1
451,40,1,1
452,23,0,1
453,7,1,1
454,11,1,1
455,39,1,1
456,4,1,1
457,11,1,1
458,7,1,1
459,4,1,1
460,24,1,1
461,17,1,1
462,9,1,1
463,2,1,1
464,21,1,1
465,55,1,1
466,10,1,1
467,56,0,1
468,17,1,1
469,10,1,1
470,2,1,1
471,44,1,1
472,7,1,1
473,0,1,1
474,39,1,1
475,21,1,1
476,20,0,1
477,33,0,1
478,49,0,1
479,28,1,1
480,3,0,1
481,21,1,1
482,7,1,1
483,15,1,1
484,13,1,1
485,29,0,1
486,27,0,1
487,37,1,1
488,15,1,1
489,6,1,1
490,5,1,1
491,33,0,1
492,34,1,1
493,0,1,1
494,4,1,1
495,6,1,1
496,20,0,1
497,0,1,1
498,37,1,1
499,9,1,1
500,42,1,1
501,4,1,1
502,11,1,1
503,28,1,1
504,40,1,1
505,45,1,1
506,8,1,1
507,29,0,0
508,8,1,1
509,3,0,1
510,25,1,1
511,31,1,1
512,5,1,1
513,32,0,1
514,41,1,1
515,34,1,1
516,33,0,1
517,52,0,1
518,37,1,1
519,1,1,1
520,37,1,1
521,45,1,1
522,3,0,1
523,9,1,1
524,0,1,1
525,0,1,1
526,42,1,1
527,32,0,1
528,44,1,1
529,12,1,1
530,6,1,1
531,64,0,1
532,7,1,1
533,63,0,1
534,13,1,1
535,4,1,1
536,19,0,1
537,32,0,1
538,15,1,1
539,10,1,1
540,5,1,1
541,15,1,1
542,33,0,1
543,8,1,1
544,17,1,1
545,39,1,1
546,9,1,1
547,7,1,1
548,10,1,1
549,13,1,1
550,15,1,1
551,10,1,1
552,29,0,1
553,29,0,1
554,13,1,1
555,23,0,1
556,29,0,1
557,34,1,1
558,43,0,1
559,10,1,1
560,17,1,1
561,21,1,1
562,40,1,1
563,0,1,1
564,8,1,1
565,14,0,0
566,40,1,1
567,13,1,1
568,23,0,0
569,14,0,1
570,15,1,1
571,13,1,1
572,23,0,1
573,14,0,1
574,41,1,1
575,43,0,1
576,9,1,1
577,16,1,1
578,62,1,1
579,29,0,1
580,21,1,1
581,14,0,1
582,23,0,1
583,17,1,1
584,0,1,1
585,20,0,1
586,2,1,1
587,14,0,1
588,37,1,1
589,18,0,1
590,32,0,1
591,17,1,1
592,2,1,1
593,28,1,1
594,20,0,1
595,14,0,1
596,21,1,1
597,2,1,1
598,25,1,1
599,17,1,1
600,48,1,1
601,29,0,1
602,13,1,1
603,21,1,1
604,21,1,1
605,13,1,1
606,21,1,1
607,33,0,1
608,40,1,1
609,10,1,1
610,10,1,1
611,44,1,1
612,27,0,1
613,17,1,1
614,0,1,1
615,28,1,1
616,12,1,1
617,37,1,1
618,21,1,1
619,2,1,1
620,10,1,1
621,41,1,1
622,9,1,1
623,0,1,1
624,60,0,1
625,32,0,1
626,15,1,1
627,42,1,1
628,0,1,1
629,5,1,1
630,4,1,1
631,62,1,1
632,10,1,1
633,45,1,1
634,10,1,1
635,29,0,1
636,1,1,1
637,10,1,1
638,3,0,1
639,17,1,1
640,18,0,1
641,5,1,1
642,10,1,1
643,54,0,1
644,44,1,1
645,41,1,1
646,23,0,1
647,43,0,1
648,6,1,1
649,20,0,1
650,7,1,1
651,40,1,1
652,50,1,1
653,10,1,1
654,43,0,1
655,48,1,1
656,43,0,1
657,32,0,1
658,32,0,1
659,14,0,1
660,4,1,1
661,1,1,1
662,12,1,1
663,15,1,1
664,9,1,1
665,14,0,0
666,6,1,1
667,37,1,1
668,34,1,1
669,7,1,1
670,23,0,1
671,32,0,1
672,30,0,1
673,20,0,1
674,33,0,1
675,38,0,1
676,16,1,1
677,31,1,1
678,32,0,1
679,42,1,1
680,1,1,1
681,11,1,1
682,5,1,1
683,32,0,1
684,13,1,1
685,4,1,1
686,24,1,1
687,7,1,1
688,28,1,1
689,8,1,1
690,22,0,1
691,15,1,1
692,4,1,1
693,30,0,1
694,8,1,1
695,43,0,1
696,10,1,1
697,8,1,1
698,3,0,1
699,31,1,1
700,15,1,1
701,6,1,1
702,21,1,1
703,5,1,1
704,28,1,1
705,23,0,1
706,4,1,1
707,43,0,1
708,11,1,1
709,21,1,1
710,0,1,1
711,14,0,1
712,53,0,1
713,10,1,1
714,32,0,1
715,37,1,1
716,18,0,1
717,37,1,1
718,44,1,1
719,33,0,1
720,10,1,1
721,39,1,1
722,4,1,1
723,24,1,1
724,37,1,1
725,23,0,1
726,24,1,1
727,19,0,1
728,6,1,1
729,23,0,1
730,29,0,1
731,0,1,1
732,10,1,1
733,31,1,1
734,49,0,1
735,27,0,1
736,2,1,1
737,24,1,1
738,40,1,1
739,21,1,1
740,21,1,1
741,29,0,1
742,23,0,1
743,32,0,1
744,45,1,1
745,6,1,1
746,25,1,1
747,4,1,1
748,10,1,1
749,55,1,1
750,42,1,1
751,5,1,1
752,10,1,1
753,6,1,1
754,48,1,1
755,13,1,1
756,21,1,1
757,1,1,1
758,2,1,1
759,14,0,1
760,37,1,1
761,25,1,1
762,24,1,1
763,21,1,1
764,3,0,1
765,1,1,1
766,43,0,1
767,14,0,1
768,19,0,1
769,36,0,1
770,54,0,1
771,44,1,1
772,1,1,1
773,0,1,1
774,3,0,1
775,45,1,1
776,42,1,1
777,24,1,1
778,23,0,1
779,20,0,1
780,48,1,1
781,21,1,1
782,7,1,1
783,7,1,1
784,39,1,1
785,27,0,1
786,7,1,1
787,17,1,1
788,7,1,1
789,21,1,1
790,49,0,1
791,9,1,1
792,47,1,1
793,13,1,1
794,9,1,1
795,16,1,1
796,1,1,1
797,1,1,1
798,24,1,1
799,13,1,1
800,32,0,1
801,32,0,1
802,0,1,1
803,45,1,1
804,2,1,1
805,42,1,1
806,20,0,1
807,11,1,1
808,16,1,1
809,8,1,1
810,5,1,1
811,6,1,1
812,0,1,1
813,30,0,1
814,7,1,1
815,0,1,1
816,12,1,1
817,48,1,1
818,17,1,1
819,33,0,1
820,60,0,1
821,42,1,1
822,44,1,1
823,23,0,1
824,0,1,1
825,1,1,1
826,3,0,1
827,5,1,1
828,37,1,1
829,38,0,1
830,7,1,1
831,28,1,1
832,16,1,1
833,2,1,1
834,44,1,1
835,9,1,1
836,33,0,1
837,49,0,1
838,7,1,1
839,0,1,1
840,3,0,1
841,12,1,1
842,12,1,1
843,23,0,1
844,43,0,1
845,31,1,1
846,4,1,1
847,21,1,1
848,18,0,1
849,40,1,1
850,42,1,1
851,48,1,1
852,6,1,1
853,1,1,1
854,31,1,1
855,21,1,1
856,32,0,1
857,18,0,1
858,36,0,1
859,7,1,1
860,48,1,1
861,16,1,1
862,18,0,1
863,4,1,1
864,16,1,1
865,33,0,1
866,20,0,1
867,40,1,1
868,33,0,1
869,0,1,1
870,5,1,1
871,18,0,1
872,10,1,1
873,3,0,1
874,0,1,1
875,29,0,1
876,17,1,1
877,28,1,1
878,4,1,1
879,12,1,1
880,11,1,1
881,17,1,1
882,14,0,1
883,21,1,1
884,1,1,1
885,3,0,1
886,21,1,1
887,21,1,1
888,47,1,1
889,32,0,1
890,23,0,1
891,27,0,1
892,44,1,1
893,12,1,1
894,27,0,1
895,16,1,1
896,32,0,1
897,18,0,1
898,38,0,1
899,22,0,1
900,8,1,1
901,16,1,1
902,49,0,1
903,0,1,1
904,44,1,1
905,32,0,1
906,1,1,1
907,16,1,1
908,25,1,1
909,11,1,1
910,28,1,0
911,14,0,1
912,12,1,1
913,20,0,1
914,43,0,1
915,13,1,1
916,15,1,1
917,15,1,1
918,10,1,1
919,7,1,1
920,21,1,1
921,34,1,1
922,5,1,1
923,7,1,1
924,3,0,1
925,10,1,1
926,45,1,1
927,14,0,1
928,0,1,1
929,33,0,1
930,26,0,1
931,5,1,1
932,10,1,1
933,12,1,1
934,12,1,1
935,25,1,1
936,14,0,1
937,5,1,1
938,22,0,1
939,21,1,1
940,13,1,1
941,8,1,1
942,42,1,1
943,26,0,1
944,17,1,1
945,11,1,1
946,23,0,1
947,4,1,1
948,2,1,1
949,5,1,1
950,2,1,1
951,38,0,1
952,7,1,1
953,31,1,1
954,27,0,1
955,28,1,1
956,7,1,1
957,5,1,1
958,13,1,1
959,18,0,1
960,12,1,1
961,1,1,1
962,0,1,1
963,18,0,1
964,11,1,1
965,27,0,1
966,8,1,1
967,44,1,1
968,13,1,1
969,8,1,1
970,20,0,1
971,31,1,1
972,18,0,1
973,0,1,1
974,29,0,1
975,7,1,1
976,4,1,1
977,7,1,1
978,45,1,1
979,54,0,1
980,28,1,1
981,58,1,1
982,50,1,1
983,7,1,1
984,20,0,1
985,40,1,1
986,43,0,1
987,4,1,1
988,42,1,1
989,21,1,1
990,47,1,1
991,24,1,1
992,44,1,1
993,8,1,1
994,32,0,1
995,38,0,1
996,14,0,1
997,3,0,1
998,15,1,1
999,24,1,1
