vote,public_key_id,honest,valid
0,24,0,1
1,23,1,1
2,9,1,1
3,23,1,1
4,11,1,1
5,13,1,1
6,10,1,1
7,1,1,1
8,23,1,1
9,7,1,1
10,29,1,1
11,55,1,1
12,16,0,1
13,27,1,1
14,21,0,1
15,7,1,1
16,28,1,1
17,0,1,1
18,21,0,1
19,14,1,1
20,7,1,1
21,10,1,1
22,8,1,1
23,24,0,1
24,18,1,1
25,2,1,1
26,43,1,1
27,37,0,1
28,44,1,1
29,22,1,1
30,29,1,1
31,1,1,1
32,1,1,1
33,40,0,1
34,15,1,1
35,21,0,1
36,21,0,1
37,37,0,1
38,45,0,1
39,14,1,1
40,0,1,1
41,33,1,1
42,5,1,1
43,9,1,1
44,3,0,1
45,23,1,1
46,1,1,1
47,9,1,1
48,16,0,1
49,21,0,1
50,11,1,1
51,43,1,1
52,29,1,1
53,32,1,1
54,18,1,1
55,21,0,1
56,9,1,1
57,43,1,1
58,1,1,1
59,28,1,1
60,45,0,1
61,0,1,1
62,20,0,1
63,1,1,1
64,1,1,1
65,37,0,1
66,4,1,1
67,8,1,1
68,32,1,1
69,21,0,1
70,4,1,1
71,6,1,1
72,48,1,1
73,19,1,1
74,23,1,1
75,3,0,1
76,18,1,1
77,3,0,1
78,4,1,1
79,5,1,1
80,7,1,1
81,3,0,1
82,29,1,1
83,27,1,1
84,3,0,1
85,31,0,1
86,37,0,1
87,33,1,1
88,5,1,1
89,27,1,1
90,27,1,1
91,40,0,1
92,14,1,1
93,61,1,1
94,10,1,1
95,45,0,1
96,8,1,1
97,13,1,1
98,0,1,1
99,12,0,1
100,11,1,1
101,23,1,1
102,42,1,1
103,46,0,1
104,25,1,1
105,10,1,1
106,17,0,1
107,17,0,1
108,2,1,1
109,34,1,1
110,55,1,1
111,1,1,1
112,8,1,1
113,32,1,1
114,37,0,1
115,23,1,1
116,48,1,1
117,29,1,1
118,23,1,1
119,23,1,1
120,13,1,1
121,48,1,1
122,37,0,1
123,0,1,1
124,0,1,1
125,7,1,1
126,42,1,1
127,45,0,1
128,42,1,1
129,0,1,1
130,6,1,1
131,8,1,1
132,12,0,1
133,23,1,1
134,40,0,1
135,21,0,1
136,4,1,1
137,12,0,1
138,4,1,1
139,25,1,1
140,22,1,1
141,25,1,1
142,21,0,1
143,41,1,1
144,24,0,1
145,45,0,1
146,4,1,1
147,21,0,1
148,18,1,1
149,16,0,1
150,17,0,1
151,10,1,1
152,2,1,1
153,3,0,1
154,1,1,1
155,9,1,1
156,7,1,1
157,17,0,1
158,58,1,1
159,20,0,1
160,40,0,1
161,5,1,1
162,12,0,1
163,42,1,1
164,43,1,1
165,20,0,1
166,1,1,1
167,37,0,1
168,13,1,1
169,17,0,1
170,23,1,1
171,37,0,1
172,7,1,1
173,23,1,1
174,32,1,1
175,8,1,1
176,39,1,1
177,3,0,1
178,16,0,1
179,7,1,1
180,0,1,1
181,25,1,1
182,17,0,1
183,42,1,1
184,4,1,1
185,62,1,1
186,48,1,1
187,22,1,1
188,23,1,1
189,15,1,1
190,59,1,1
191,4,1,1
192,37,0,1
193,6,1,1
194,14,1,1
195,55,1,1
196,21,0,1
197,29,1,1
198,10,1,1
199,62,1,1
200,12,0,1
201,20,0,1
202,47,1,1
203,32,1,1
204,38,1,1
205,14,1,1
206,16,0,1
207,39,1,1
208,38,1,1
209,48,1,1
210,13,1,1
211,12,0,1
212,14,1,1
213,21,0,1
214,23,1,1
215,23,1,1
216,44,1,1
217,20,0,1
218,56,1,1
219,0,1,1
220,16,0,1
221,15,1,1
222,3,0,1
223,43,1,1
224,6,1,1
225,17,0,1
226,12,0,1
227,7,1,1
228,18,1,1
229,0,1,1
230,12,0,1
231,23,1,1
232,13,1,1
233,15,1,1
234,29,1,1
235,45,0,1
236,10,1,1
237,44,1,1
238,13,1,1
239,33,1,1
240,23,1,1
241,14,1,1
242,13,1,1
243,27,1,1
244,28,1,1
245,15,1,1
246,51,1,1
247,37,0,1
248,53,1,1
249,45,0,1
250,21,0,1
251,7,1,1
252,11,1,1
253,15,1,1
254,1,1,1
255,26,1,1
256,10,1,1
257,44,1,1
258,18,1,1
259,28,1,1
260,32,1,1
261,2,1,1
262,17,0,1
263,28,1,1
264,37,0,1
265,48,1,1
266,27,1,1
267,24,0,1
268,1,1,1
269,27,1,1
270,6,1,1
271,43,1,1
272,0,1,1
273,9,1,1
274,48,1,1
275,27,1,1
276,21,0,1
277,24,0,1
278,6,1,1
279,39,1,1
280,45,0,1
281,23,1,1
282,26,1,1
283,43,1,1
284,42,1,1
285,9,1,1
286,9,1,1
287,21,0,1
288,49,1,1
289,8,1,1
290,33,1,1
291,60,1,1
292,4,1,1
293,21,0,1
294,8,1,1
295,45,0,1
296,44,1,1
297,0,1,1
298,33,1,1
299,28,1,1
300,27,1,1
301,23,1,1
302,7,1,1
303,27,1,1
304,6,1,1
305,10,1,1
306,24,0,1
307,28,1,1
308,24,0,1
309,21,0,1
310,36,1,1
311,14,1,1
312,34,1,1
313,14,1,1
314,8,1,1
315,12,0,1
316,37,0,1
317,19,1,1
318,29,1,1
319,41,1,1
320,22,1,1
321,10,1,1
322,28,1,1
323,20,0,1
324,7,1,1
325,5,1,1
326,33,1,1
327,33,1,1
328,23,1,1
329,18,1,1
330,28,1,1
331,21,0,1
332,9,1,1
333,3,0,1
334,30,0,1
335,32,1,1
336,22,1,1
337,54,1,1
338,7,1,1
339,24,0,1
340,44,1,1
341,13,1,1
342,34,1,1
343,22,1,1
344,23,1,1
345,3,0,1
346,19,1,1
347,11,1,1
348,43,1,1
349,28,1,1
350,54,1,1
351,47,1,1
352,1,1,1
353,2,1,1
354,4,1,1
355,43,1,1
356,21,0,1
357,23,1,1
358,40,0,1
359,34,1,1
360,49,1,1
361,45,0,1
362,16,0,1
363,7,1,1
364,33,1,1
365,48,1,1
366,2,1,1
367,25,1,1
368,48,1,1
369,4,1,1
370,10,1,1
371,19,1,1
372,12,0,1
373,13,1,1
374,16,0,1
375,42,1,1
376,40,0,1
377,24,0,1
378,22,1,1
379,3,0,1
380,29,1,1
381,12,0,1
382,41,1,1
383,7,1,1
384,40,0,1
385,10,1,1
386,17,0,1
387,28,1,1
388,19,1,1
389,39,1,1
390,5,1,1
391,11,1,1
392,21,0,1
393,0,1,1
394,7,1,1
395,28,1,1
396,32,1,1
397,4,1,1
398,23,1,1
399,42,1,1
400,21,0,1
401,23,1,1
402,2,1,1
403,21,0,1
404,18,1,1
405,32,1,1
406,20,0,1
407,10,1,1
408,3,0,1
409,4,1,1
410,27,1,1
411,39,1,1
412,3,0,1
413,14,1,1
414,38,1,1
415,11,1,1
416,13,1,1
417,2,1,1
418,0,1,1
419,33,1,1
420,9,1,1
421,28,1,1
422,14,1,1
423,20,0,1
424,26,1,1
425,14,1,1
426,29,1,1
427,28,1,1
428,44,1,1
429,10,1,1
430,8,1,1
431,0,1,1
432,24,0,1
433,44,1,1
434,0,1,1
435,45,0,1
436,9,1,1
437,21,0,1
438,42,1,1
439,12,0,1
440,45,0,1
441,7,1,1
442,9,1,1
443,30,0,1
444,32,1,1
445,25,1,1
446,25,1,1
447,5,1,1
448,7,1,1
449,45,0,1
450,39,1,1
451,7,1,1
452,18,1,1
453,10,1,1
454,44,1,1
455,48,1,1
456,16,0,1
457,42,1,1
458,45,0,1
459,10,1,1
460,1,1,1
461,27,1,1
462,23,1,1
463,18,1,1
464,4,1,1
465,15,1,1
466,21,0,1
467,13,1,1
468,11,1,1
469,57,1,1
470,16,0,1
471,5,1,1
472,32,1,1
473,23,1,1
474,49,1,1
475,1,1,1
476,28,1,1
477,41,1,1
478,33,1,1
479,17,0,1
480,15,1,1
481,32,1,1
482,21,0,1
483,4,1,1
484,43,1,1
485,0,1,1
486,17,0,1
487,7,1,1
488,0,1,1
489,31,0,1
490,22,1,1
491,7,1,1
492,34,1,1
493,28,1,1
494,15,1,1
495,14,1,1
496,33,1,1
497,4,1,1
498,0,1,1
499,6,1,1
500,19,1,1
501,27,1,1
502,10,1,1
503,45,0,1
504,1,1,1
505,10,1,1
506,20,0,1
507,40,0,1
508,33,1,1
509,14,1,1
510,7,1,1
511,5,1,1
512,16,0,1
513,16,0,1
514,4,1,1
515,10,1,1
516,24,0,1
517,40,0,1
518,32,1,1
519,8,1,1
520,10,1,1
521,37,0,1
522,18,1,1
523,6,1,1
524,7,1,1
525,16,0,1
526,20,0,1
527,35,1,1
528,13,1,1
529,6,1,1
530,8,1,1
531,42,1,1
532,15,1,1
533,29,1,1
534,9,1,1
535,6,1,1
536,6,1,1
537,4,1,1
538,16,0,1
539,5,1,1
540,15,1,1
541,43,1,1
542,3,0,1
543,11,1,1
544,45,0,1
545,10,1,1
546,13,1,1
547,0,1,1
548,24,0,1
549,19,1,1
550,39,1,1
551,1,1,1
552,57,1,1
553,42,1,1
554,54,1,1
555,2,1,1
556,13,1,1
557,18,1,1
558,0,1,1
559,0,1,1
560,7,1,1
561,49,1,1
562,8,1,1
563,32,1,1
564,12,0,1
565,6,1,1
566,31,0,1
567,7,1,1
568,6,1,1
569,43,1,1
570,14,1,1
571,37,0,1
572,21,0,1
573,7,1,1
574,28,1,1
575,0,1,1
576,7,1,1
577,7,1,1
578,21,0,1
579,8,1,1
580,15,1,1
581,12,0,1
582,10,1,1
583,24,0,1
584,17,0,1
585,4,1,1
586,13,1,1
587,27,1,1
588,42,1,1
589,21,0,1
590,43,1,1
591,26,1,1
592,14,1,1
593,15,1,1
594,7,1,1
595,39,1,1
596,0,1,1
597,0,1,1
598,7,1,1
599,3,0,1
600,39,1,1
601,5,1,1
602,21,0,1
603,27,1,1
604,49,1,1
605,15,1,1
606,48,1,1
607,13,1,1
608,43,1,1
609,23,1,1
610,0,1,1
611,6,1,1
612,43,1,1
613,28,1,1
614,32,1,1
615,1,1,1
616,44,1,1
617,44,1,1
618,8,1,1
619,5,1,1
620,10,1,1
621,9,1,1
622,17,0,1
623,27,1,1
624,1,1,1
625,14,1,1
626,0,1,1
627,2,1,1
628,49,1,1
629,7,1,1
630,1,1,1
631,29,1,1
632,2,1,1
633,29,1,1
634,10,1,1
635,14,1,1
636,40,0,1
637,25,1,1
638,43,1,1
639,13,1,1
640,17,0,1
641,34,1,1
642,24,0,1
643,7,1,1
644,28,1,1
645,0,1,1
646,44,1,1
647,20,0,1
648,43,1,1
649,17,0,1
650,2,1,1
651,2,1,1
652,18,1,1
653,11,1,1
654,9,1,1
655,21,0,1
656,30,0,1
657,44,1,1
658,25,1,1
659,29,1,1
660,54,1,1
661,21,0,1
662,10,1,1
663,6,1,1
664,42,1,1
665,12,0,1
666,27,1,1
667,22,1,1
668,21,0,1
669,2,1,1
670,2,1,1
671,24,0,1
672,17,0,1
673,2,1,1
674,40,0,1
675,12,0,1
676,5,1,1
677,27,1,1
678,49,1,1
679,18,1,1
680,31,0,1
681,10,1,1
682,7,1,1
683,45,0,1
684,50,0,1
685,38,1,1
686,14,1,1
687,25,1,1
688,37,0,1
689,25,1,1
690,17,0,1
691,32,1,1
692,13,1,1
693,14,1,1
694,23,1,1
695,29,1,1
696,37,0,1
697,36,1,1
698,37,0,1
699,11,1,1
700,11,1,1
701,18,1,1
702,47,1,1
703,9,1,1
704,9,1,1
705,1,1,1
706,64,1,1
707,18,1,1
708,49,1,1
709,18,1,1
710,21,0,1
711,28,1,1
712,13,1,1
713,48,1,1
714,7,1,1
715,5,1,1
716,14,1,1
717,62,1,1
718,13,1,1
719,5,1,1
720,6,1,1
721,27,1,1
722,29,1,1
723,14,1,1
724,5,1,1
725,10,1,1
726,5,1,1
727,4,1,1
728,7,1,1
729,31,0,1
730,31,0,1
731,9,1,1
732,21,0,1
733,5,1,1
734,6,1,1
735,47,1,1
736,44,1,1
737,20,0,1
738,7,1,1
739,4,1,1
740,45,0,1
741,10,1,1
742,17,0,1
743,16,0,1
744,40,0,1
745,43,1,1
746,37,0,1
747,41,1,1
748,10,1,1
749,0,1,1
750,6,1,1
751,20,0,1
752,20,0,1
753,50,0,1
754,12,0,1
755,21,0,1
756,8,1,1
757,14,1,1
758,10,1,1
759,27,1,1
760,23,1,1
761,6,1,1
762,6,1,1
763,22,1,1
764,10,1,1
765,20,0,1
766,18,1,1
767,10,1,1
768,25,1,1
769,37,0,1
770,42,1,1
771,15,1,1
772,40,0,1
773,7,1,1
774,4,1,1
775,21,0,1
776,39,1,1
777,0,1,1
778,15,1,1
779,6,1,1
780,12,0,1
781,31,0,1
782,12,0,1
783,42,1,1
784,40,0,1
785,32,1,1
786,43,1,1
787,24,0,1
788,1,1,1
789,0,1,1
790,25,1,1
791,23,1,1
792,60,1,1
793,37,0,1
794,21,0,1
795,3,0,1
796,11,1,1
797,6,1,1
798,32,1,1
799,47,1,1
800,44,1,1
801,29,1,1
802,6,1,1
803,21,0,1
804,20,0,1
805,19,1,1
806,4,1,1
807,7,1,1
808,10,1,1
809,8,1,1
810,31,0,1
811,0,1,1
812,13,1,1
813,2,1,1
814,13,1,1
815,14,1,1
816,27,1,1
817,14,1,1
818,0,1,1
819,48,1,1
820,24,0,1
821,14,1,1
822,41,1,1
823,38,1,1
824,15,1,1
825,25,1,1
826,20,0,1
827,50,0,1
828,8,1,1
829,2,1,1
830,44,1,1
831,7,1,1
832,5,1,1
833,31,0,1
834,0,1,1
835,37,0,1
836,21,0,1
837,21,0,1
838,21,0,1
839,27,1,1
840,25,1,1
841,55,1,1
842,16,0,1
843,8,1,1
844,8,1,1
845,12,0,1
846,4,1,1
847,0,1,1
848,14,1,1
849,33,1,1
850,12,0,1
851,13,1,1
852,33,1,1
853,21,0,1
854,37,0,1
855,28,1,1
856,23,1,1
857,3,0,1
858,4,1,1
859,24,0,1
860,14,1,1
861,6,1,1
862,12,0,1
863,45,0,1
864,33,1,1
865,0,1,1
866,8,1,1
867,16,0,1
868,0,1,1
869,43,1,1
870,28,1,1
871,17,0,1
872,21,0,1
873,20,0,1
874,2,1,1
875,7,1,1
876,6,1,1
877,26,1,1
878,7,1,1
879,21,0,1
880,13,1,1
881,0,1,1
882,32,1,1
883,16,0,1
884,8,1,1
885,21,0,1
886,23,1,1
887,52,1,1
888,10,1,1
889,1,1,1
890,3,0,1
891,31,0,1
892,33,1,1
893,13,1,1
894,44,1,1
895,1,1,1
896,1,1,1
897,18,1,1
898,42,1,1
899,16,0,1
900,4,1,1
901,25,1,1
902,43,1,1
903,3,0,1
904,33,1,1
905,12,0,1
906,21,0,1
907,10,1,1
908,26,1,1
909,11,1,1
910,23,1,1
911,1,1,1
912,9,1,1
913,32,1,1
914,11,1,1
915,18,1,1
916,11,1,1
917,16,0,1
918,6,1,1
919,44,1,1
920,0,1,1
921,25,1,1
922,5,1,1
923,3,0,1
924,34,1,1
925,42,1,1
926,32,1,1
927,25,1,1
928,21,0,1
929,33,1,1
930,7,1,1
931,43,1,1
932,7,1,1
933,58,1,1
934,6,1,1
935,3,0,1
936,15,1,1
937,21,0,1
938,17,0,1
939,21,0,1
940,21,0,1
941,32,1,1
942,2,1,1
943,13,1,1
944,31,0,1
945,24,0,1
946,11,1,1
947,1,1,1
948,29,1,1
949,48,1,1
950,22,1,1
951,27,1,1
952,42,1,1
953,21,0,1
954,28,1,1
955,11,1,1
956,10,1,1
957,17,0,1
958,63,1,1
959,10,1,1
960,3,0,1
961,11,1,1
962,0,1,1
963,4,1,1
964,29,1,1
965,10,1,1
966,32,1,1
967,22,1,1
968,5,1,1
969,49,1,1
970,29,1,1
971,2,1,1
972,28,1,1
973,14,1,1
974,2,1,1
975,23,1,1
976,18,1,1
977,32,1,1
978,3,0,1
979,7,1,1
980,21,0,1
981,18,1,1
982,1,1,1
983,9,1,1
984,14,1,1
985,27,1,1
986,2,1,1
987,13,1,1
988,2,1,1
989,39,1,1
990,33,1,1
991,16,0,1
992,13,1,1
993,33,1,1
994,5,1,1
995,5,1,1
996,15,1,1
997,11,1,1
998,32,1,1
999,23,1,1
