vote,public_key_id,honest,valid
0,2,0,1
1,9,1,1
2,1,1,1
3,2,0,1
4,4,0,1
5,1,1,1
6,4,0,1
7,6,0,1
8,1,1,1
9,2,0,1
10,3,0,1
11,1,1,1
12,1,1,1
13,1,1,1
14,2,0,1
15,6,0,1
16,1,1,1
17,2,0,1
18,1,1,1
19,15,1,1
20,1,1,1
21,2,0,1
22,1,1,1
23,1,1,1
24,1,1,1
25,1,1,1
26,9,1,1
27,1,1,1
28,20,1,1
29,16,1,1
30,2,0,1
31,14,1,1
32,2,0,1
33,6,0,1
34,2,0,1
35,9,1,1
36,4,0,1
37,8,1,1
38,6,0,1
39,4,0,1
40,1,1,1
41,6,0,1
42,1,1,1
43,18,1,1
44,1,1,1
45,14,1,1
46,1,1,1
47,4,0,1
48,1,1,1
49,2,0,1
50,8,1,1
51,6,0,1
52,6,0,1
53,2,0,1
54,10,0,1
55,22,0,1
56,2,0,1
57,4,0,1
58,8,1,1
59,2,0,1
60,13,0,1
61,14,1,1
62,9,1,1
63,12,0,1
64,1,1,1
65,18,1,1
66,2,0,1
67,2,0,1
68,1,1,1
69,6,0,1
70,1,1,1
71,4,0,1
72,2,0,1
73,1,1,1
74,4,0,1
75,6,0,1
76,3,0,1
77,22,0,1
78,6,0,1
79,9,1,1
80,2,0,1
81,1,1,1
82,10,0,1
83,4,0,1
84,1,1,1
85,8,1,1
86,2,0,1
87,2,0,1
88,2,0,1
89,8,1,1
90,24,1,1
91,25,1,1
92,2,0,1
93,4,0,1
94,2,0,1
95,2,0,1
96,14,1,1
97,12,0,1
98,10,0,1
99,2,0,1
100,2,0,1
101,1,1,1
102,2,0,1
103,4,0,1
104,16,1,1
105,2,0,1
106,9,1,1
107,1,1,1
108,16,1,1
109,2,0,1
110,9,1,1
111,1,1,1
112,6,0,1
113,0,0,1
114,4,0,1
115,2,0,1
116,2,0,1
117,1,1,1
118,2,0,1
119,6,0,1
120,20,1,1
121,2,0,1
122,4,0,1
123,7,1,1
124,4,0,1
125,2,0,1
126,8,1,1
127,2,0,1
128,2,0,1
129,2,0,1
130,1,1,1
131,2,0,1
132,2,0,1
133,11,0,1
134,2,0,1
135,6,0,1
136,2,0,1
137,4,0,1
138,4,0,1
139,2,0,1
140,6,0,1
141,10,0,1
142,27,1,1
143,1,1,1
144,6,0,1
145,9,1,1
146,1,1,1
147,2,0,1
148,1,1,1
149,2,0,1
150,2,0,1
151,1,1,1
152,2,0,1
153,6,0,1
154,2,0,1
155,2,0,1
156,20,1,1
157,32,1,1
158,2,0,1
159,2,0,1
160,1,1,1
161,4,0,1
162,4,0,1
163,2,0,1
164,2,0,1
165,6,0,1
166,6,0,1
167,1,1,1
168,1,1,1
169,1,1,1
170,14,1,1
171,1,1,1
172,1,1,1
173,14,1,1
174,13,0,1
175,1,1,1
176,2,0,1
177,1,1,1
178,29,1,1
179,1,1,1
180,25,1,1
181,14,1,1
182,14,1,1
183,1,1,1
184,19,0,1
185,9,1,1
186,2,0,1
187,6,0,1
188,2,0,1
189,10,0,1
190,1,1,1
191,2,0,1
192,4,0,1
193,1,1,1
194,8,1,1
195,10,0,1
196,1,1,1
197,15,1,1
198,1,1,1
199,2,0,1
200,6,0,1
201,1,1,1
202,1,1,1
203,4,0,1
204,20,1,1
205,23,1,1
206,1,1,1
207,1,1,1
208,2,0,1
209,1,1,1
210,6,0,1
211,2,0,1
212,2,0,1
213,1,1,1
214,29,1,1
215,10,0,1
216,1,1,1
217,1,1,1
218,2,0,1
219,1,1,1
220,4,0,1
221,2,0,1
222,2,0,1
223,2,0,1
224,14,1,1
225,8,1,1
226,1,1,1
227,6,0,1
228,14,1,1
229,29,1,1
230,1,1,1
231,2,0,1
232,2,0,1
233,2,0,1
234,1,1,1
235,12,0,1
236,1,1,1
237,0,0,1
238,1,1,1
239,4,0,1
240,1,1,1
241,1,1,1
242,6,0,1
243,6,0,1
244,9,1,1
245,1,1,1
246,1,1,1
247,14,1,1
248,4,0,1
249,0,0,1
250,14,1,1
251,2,0,1
252,1,1,1
253,2,0,1
254,6,0,1
255,8,1,1
256,1,1,1
257,14,1,1
258,8,1,1
259,2,0,1
260,14,1,1
261,20,1,1
262,16,1,1
263,14,1,1
264,2,0,1
265,20,1,1
266,6,0,1
267,6,0,1
268,1,1,1
269,10,0,1
270,1,1,1
271,1,1,1
272,8,1,1
273,4,0,1
274,14,1,1
275,1,1,1
276,10,0,1
277,14,1,1
278,14,1,1
279,1,1,1
280,19,0,1
281,6,0,1
282,2,0,1
283,6,0,1
284,2,0,1
285,1,1,1
286,4,0,1
287,2,0,1
288,18,1,1
289,12,0,1
290,22,0,1
291,2,0,1
292,10,0,1
293,7,1,1
294,1,1,1
295,6,0,1
296,23,1,1
297,28,1,1
298,1,1,1
299,10,0,1
300,1,1,1
301,2,0,1
302,22,0,1
303,1,1,1
304,9,1,1
305,4,0,1
306,4,0,1
307,23,1,1
308,1,1,1
309,1,1,1
310,6,0,1
311,6,0,1
312,22,0,1
313,12,0,1
314,1,1,1
315,9,1,1
316,1,1,1
317,1,1,1
318,2,0,1
319,12,0,1
320,1,1,1
321,1,1,1
322,14,1,1
323,2,0,1
324,8,1,1
325,2,0,1
326,8,1,1
327,4,0,1
328,22,0,1
329,1,1,1
330,1,1,1
331,4,0,1
332,1,1,1
333,15,1,1
334,30,0,1
335,20,1,1
336,9,1,1
337,20,1,1
338,1,1,1
339,9,1,1
340,2,0,1
341,2,0,1
342,2,0,1
343,6,0,1
344,6,0,1
345,2,0,1
346,1,1,1
347,1,1,1
348,6,0,1
349,0,0,1
350,6,0,1
351,1,1,1
352,19,0,1
353,1,1,1
354,6,0,1
355,9,1,1
356,2,0,1
357,8,1,1
358,1,1,1
359,1,1,1
360,2,0,1
361,8,1,1
362,14,1,1
363,8,1,1
364,23,1,1
365,1,1,1
366,7,1,1
367,2,0,1
368,6,0,1
369,2,0,1
370,6,0,1
371,2,0,1
372,1,1,1
373,4,0,1
374,27,1,1
375,2,0,1
376,1,1,1
377,1,1,1
378,2,0,1
379,27,1,1
380,9,1,1
381,1,1,1
382,10,0,1
383,1,1,1
384,12,0,1
385,7,1,1
386,9,1,1
387,2,0,1
388,23,1,1
389,1,1,1
390,14,1,1
391,1,1,1
392,1,1,1
393,12,0,1
394,1,1,1
395,2,0,1
396,9,1,1
397,14,1,1
398,6,0,1
399,10,0,1
400,4,0,1
401,14,1,1
402,1,1,1
403,8,1,1
404,1,1,1
405,20,1,1
406,1,1,1
407,4,0,1
408,9,1,1
409,6,0,1
410,2,0,1
411,1,1,1
412,2,0,1
413,7,1,1
414,1,1,1
415,2,0,1
416,2,0,1
417,2,0,1
418,1,1,1
419,4,0,1
420,1,1,1
421,14,1,1
422,2,0,1
423,8,1,1
424,4,0,1
425,3,0,1
426,15,1,1
427,13,0,1
428,4,0,1
429,1,1,1
430,2,0,1
431,6,0,1
432,1,1,1
433,1,1,1
434,4,0,1
435,1,1,1
436,4,0,1
437,2,0,1
438,1,1,1
439,4,0,1
440,14,1,1
441,1,1,1
442,6,0,1
443,1,1,1
444,2,0,1
445,6,0,1
446,10,0,1
447,20,1,1
448,1,1,1
449,8,1,1
450,2,0,1
451,2,0,1
452,2,0,1
453,1,1,1
454,4,0,1
455,3,0,1
456,2,0,1
457,10,0,1
458,1,1,1
459,1,1,1
460,4,0,1
461,1,1,1
462,22,0,1
463,14,1,1
464,6,0,1
465,2,0,1
466,1,1,1
467,1,1,1
468,1,1,1
469,10,0,1
470,1,1,1
471,2,0,1
472,8,1,1
473,2,0,1
474,10,0,1
475,12,0,1
476,1,1,1
477,8,1,1
478,1,1,1
479,2,0,1
480,1,1,1
481,4,0,1
482,1,1,1
483,14,1,1
484,1,1,1
485,30,0,1
486,4,0,1
487,2,0,1
488,34,0,1
489,4,0,1
490,1,1,1
491,4,0,1
492,10,0,1
493,4,0,1
494,4,0,1
495,1,1,1
496,6,0,1
497,6,0,1
498,1,1,1
499,1,1,1
500,14,1,1
501,27,1,1
502,1,1,1
503,1,1,1
504,6,0,1
505,14,1,1
506,15,1,1
507,17,1,1
508,6,0,1
509,1,1,1
510,4,0,1
511,9,1,1
512,1,1,1
513,4,0,1
514,20,1,1
515,1,1,1
516,12,0,1
517,14,1,1
518,6,0,1
519,6,0,1
520,3,0,1
521,1,1,1
522,1,1,1
523,6,0,1
524,1,1,1
525,1,1,1
526,22,0,1
527,2,0,1
528,10,0,1
529,4,0,1
530,30,0,1
531,1,1,1
532,2,0,1
533,5,1,1
534,1,1,1
535,1,1,1
536,1,1,1
537,1,1,1
538,22,0,1
539,9,1,1
540,12,0,1
541,4,0,1
542,10,0,1
543,4,0,1
544,2,0,1
545,1,1,1
546,6,0,1
547,2,0,1
548,6,0,1
549,14,1,1
550,2,0,1
551,18,1,1
552,9,1,1
553,14,1,1
554,9,1,1
555,10,0,1
556,10,0,1
557,4,0,1
558,1,1,1
559,2,0,1
560,8,1,1
561,2,0,1
562,1,1,1
563,1,1,1
564,2,0,1
565,2,0,1
566,2,0,1
567,9,1,1
568,10,0,1
569,15,1,1
570,22,0,1
571,8,1,1
572,2,0,1
573,14,1,1
574,1,1,1
575,1,1,1
576,4,0,1
577,4,0,1
578,2,0,1
579,2,0,1
580,0,0,1
581,4,0,1
582,21,0,1
583,9,1,1
584,1,1,1
585,2,0,1
586,1,1,1
587,2,0,1
588,1,1,1
589,1,1,1
590,2,0,1
591,0,0,1
592,4,0,1
593,1,1,1
594,27,1,1
595,1,1,1
596,19,0,1
597,9,1,1
598,2,0,1
599,2,0,1
600,6,0,1
601,2,0,1
602,8,1,1
603,28,1,1
604,2,0,1
605,6,0,1
606,1,1,1
607,19,0,1
608,1,1,1
609,2,0,1
610,10,0,1
611,14,1,1
612,12,0,1
613,1,1,1
614,2,0,1
615,4,0,1
616,2,0,1
617,4,0,1
618,2,0,1
619,15,1,1
620,2,0,1
621,4,0,1
622,4,0,1
623,16,1,1
624,0,0,1
625,10,0,1
626,1,1,1
627,10,0,1
628,6,0,1
629,14,1,1
630,27,1,1
631,15,1,1
632,2,0,1
633,14,1,1
634,1,1,1
635,1,1,1
636,20,1,1
637,20,1,1
638,14,1,1
639,1,1,1
640,1,1,1
641,1,1,1
642,4,0,1
643,8,1,1
644,9,1,1
645,11,0,1
646,8,1,1
647,2,0,1
648,18,1,1
649,29,1,1
650,6,0,1
651,2,0,1
652,8,1,1
653,6,0,1
654,4,0,1
655,15,1,1
656,1,1,1
657,1,1,1
658,13,0,1
659,0,0,1
660,1,1,1
661,19,0,1
662,2,0,1
663,1,1,1
664,1,1,1
665,1,1,1
666,6,0,1
667,15,1,1
668,8,1,1
669,14,1,1
670,1,1,1
671,1,1,1
672,1,1,1
673,6,0,1
674,1,1,1
675,1,1,1
676,14,1,1
677,4,0,1
678,2,0,1
679,1,1,1
680,4,0,1
681,2,0,1
682,4,0,1
683,2,0,1
684,4,0,1
685,10,0,1
686,4,0,1
687,2,0,1
688,25,1,1
689,8,1,1
690,2,0,1
691,9,1,1
692,1,1,1
693,6,0,1
694,4,0,1
695,1,1,1
696,4,0,1
697,14,1,1
698,1,1,1
699,18,1,1
700,10,0,1
701,1,1,1
702,1,1,1
703,2,0,1
704,1,1,1
705,6,0,1
706,14,1,1
707,1,1,1
708,2,0,1
709,4,0,1
710,1,1,1
711,1,1,1
712,11,0,1
713,2,0,1
714,1,1,1
715,2,0,1
716,1,1,1
717,6,0,1
718,10,0,1
719,1,1,1
720,2,0,1
721,6,0,1
722,1,1,1
723,1,1,1
724,2,0,1
725,19,0,1
726,35,1,1
727,2,0,1
728,14,1,1
729,1,1,1
730,1,1,1
731,1,1,1
732,6,0,1
733,1,1,1
734,19,0,1
735,1,1,1
736,6,0,1
737,1,1,1
738,14,1,1
739,2,0,1
740,13,0,1
741,0,0,1
742,0,0,1
743,6,0,1
744,2,0,1
745,6,0,1
746,10,0,1
747,20,1,1
748,10,0,1
749,2,0,1
750,12,0,1
751,4,0,1
752,3,0,1
753,1,1,1
754,2,0,1
755,17,1,1
756,2,0,1
757,1,1,1
758,1,1,1
759,10,0,1
760,2,0,1
761,1,1,1
762,19,0,1
763,2,0,1
764,2,0,1
765,10,0,1
766,1,1,1
767,4,0,1
768,1,1,1
769,12,0,1
770,12,0,1
771,1,1,1
772,6,0,1
773,14,1,1
774,6,0,1
775,2,0,1
776,2,0,1
777,2,0,1
778,1,1,1
779,2,0,1
780,31,1,1
781,4,0,1
782,1,1,1
783,15,1,1
784,14,1,1
785,6,0,1
786,1,1,1
787,2,0,1
788,8,1,1
789,0,0,1
790,2,0,1
791,10,0,1
792,2,0,1
793,1,1,1
794,2,0,1
795,14,1,1
796,27,1,1
797,14,1,1
798,14,1,1
799,14,1,1
800,4,0,1
801,1,1,1
802,19,0,1
803,12,0,1
804,19,0,1
805,13,0,1
806,20,1,1
807,15,1,1
808,14,1,1
809,2,0,1
810,22,0,1
811,6,0,1
812,8,1,1
813,6,0,1
814,9,1,1
815,2,0,1
816,22,0,1
817,20,1,1
818,2,0,1
819,2,0,1
820,20,1,1
821,6,0,1
822,10,0,1
823,21,0,1
824,2,0,1
825,2,0,1
826,6,0,1
827,2,0,1
828,0,0,1
829,4,0,1
830,2,0,1
831,25,1,1
832,2,0,1
833,6,0,1
834,15,1,1
835,14,1,1
836,4,0,1
837,1,1,1
838,10,0,1
839,8,1,1
840,1,1,1
841,9,1,1
842,9,1,1
843,1,1,1
844,4,0,1
845,1,1,1
846,1,1,1
847,9,1,1
848,1,1,1
849,4,0,1
850,8,1,1
851,8,1,1
852,8,1,1
853,6,0,1
854,1,1,1
855,2,0,1
856,2,0,1
857,1,1,1
858,12,0,1
859,8,1,1
860,2,0,1
861,8,1,1
862,12,0,1
863,2,0,1
864,2,0,1
865,3,0,1
866,2,0,1
867,2,0,1
868,14,1,1
869,1,1,1
870,9,1,1
871,25,1,1
872,1,1,1
873,2,0,1
874,2,0,1
875,10,0,1
876,4,0,1
877,2,0,1
878,3,0,1
879,2,0,1
880,2,0,1
881,4,0,1
882,1,1,1
883,13,0,1
884,2,0,1
885,1,1,1
886,1,1,1
887,26,1,1
888,14,1,1
889,2,0,1
890,1,1,1
891,10,0,1
892,20,1,1
893,1,1,1
894,19,0,1
895,6,0,1
896,1,1,1
897,2,0,1
898,2,0,1
899,1,1,1
900,4,0,1
901,15,1,1
902,1,1,1
903,2,0,1
904,3,0,1
905,2,0,1
906,14,1,1
907,1,1,1
908,13,0,1
909,2,0,1
910,1,1,1
911,14,1,1
912,12,0,1
913,2,0,1
914,23,1,1
915,33,1,1
916,2,0,1
917,2,0,1
918,13,0,1
919,3,0,1
920,2,0,1
921,1,1,1
922,1,1,1
923,6,0,1
924,14,1,1
925,2,0,1
926,1,1,1
927,1,1,1
928,27,1,1
929,4,0,1
930,1,1,1
931,1,1,1
932,1,1,1
933,1,1,1
934,4,0,1
935,6,0,1
936,9,1,1
937,1,1,1
938,1,1,1
939,2,0,1
940,0,0,1
941,6,0,1
942,1,1,1
943,30,0,1
944,4,0,1
945,4,0,1
946,1,1,1
947,1,1,1
948,6,0,1
949,15,1,1
950,2,0,1
951,1,1,1
952,6,0,1
953,4,0,1
954,10,0,1
955,16,1,1
956,6,0,1
957,2,0,1
958,9,1,1
959,1,1,1
960,2,0,1
961,1,1,1
962,2,0,1
963,1,1,1
964,10,0,1
965,1,1,1
966,1,1,1
967,21,0,1
968,4,0,1
969,8,1,1
970,2,0,1
971,2,0,1
972,2,0,1
973,1,1,1
974,1,1,1
975,6,0,1
976,8,1,1
977,4,0,1
978,4,0,1
979,2,0,1
980,8,1,1
981,29,1,1
982,10,0,1
983,1,1,1
984,4,0,1
985,2,0,1
986,2,0,1
987,1,1,1
988,2,0,1
989,1,1,1
990,1,1,1
991,1,1,1
992,9,1,1
993,14,1,1
994,6,0,1
995,2,0,1
996,1,1,1
997,1,1,1
998,14,1,1
999,2,0,1
