vote,public_key_id,honest,valid
0,0,1,1
1,6,1,1
2,3,1,1
3,2,1,1
4,4,0,1
5,10,0,1
6,3,1,1
7,0,1,1
8,16,1,1
9,6,1,1
10,14,0,1
11,1,0,1
12,1,0,1
13,0,1,1
14,7,0,1
15,7,0,1
16,0,1,1
17,6,1,1
18,16,1,1
19,0,1,1
20,3,1,1
21,16,1,1
22,3,1,1
23,0,1,1
24,10,0,1
25,4,0,1
26,7,0,1
27,0,1,1
28,6,1,1
29,5,0,1
30,16,1,1
31,0,1,1
32,4,0,1
33,18,0,1
34,2,1,1
35,0,1,1
36,6,1,1
37,6,1,1
38,0,1,1
39,3,1,1
40,6,1,1
41,7,0,1
42,3,1,1
43,6,1,1
44,11,0,1
45,16,1,1
46,1,0,1
47,0,1,1
48,4,0,1
49,2,1,1
50,3,1,1
51,12,0,1
52,0,1,1
53,0,1,1
54,6,1,1
55,0,1,1
56,6,1,1
57,2,1,1
58,7,0,1
59,2,1,1
60,4,0,1
61,6,1,1
62,13,1,1
63,4,0,1
64,0,1,1
65,7,0,1
66,2,1,1
67,2,1,1
68,7,0,1
69,11,0,1
70,1,0,1
71,3,1,1
72,0,1,1
73,1,0,1
74,2,1,1
75,0,1,1
76,0,1,1
77,7,0,1
78,6,1,1
79,10,0,1
80,16,1,1
81,3,1,1
82,2,1,1
83,7,0,1
84,1,0,1
85,6,1,1
86,0,1,1
87,16,1,1
88,0,1,1
89,4,0,1
90,14,0,1
91,10,0,1
92,0,1,1
93,6,1,1
94,12,0,1
95,6,1,1
96,4,0,1
97,3,1,1
98,6,1,1
99,2,1,1
100,16,1,1
101,10,0,1
102,6,1,1
103,1,0,1
104,16,1,1
105,13,1,1
106,6,1,1
107,1,0,1
108,4,0,1
109,4,0,1
110,2,1,1
111,0,1,1
112,6,1,1
113,3,1,1
114,0,1,1
115,6,1,1
116,16,1,1
117,7,0,1
118,4,0,1
119,2,1,1
120,6,1,1
121,12,0,1
122,2,1,1
123,0,1,1
124,5,0,1
125,6,1,1
126,0,1,1
127,6,1,1
128,4,0,1
129,3,1,1
130,0,1,1
131,7,0,1
132,13,1,1
133,4,0,1
134,18,0,1
135,0,1,1
136,4,0,1
137,6,1,1
138,10,0,1
139,14,0,1
140,6,1,1
141,6,1,1
142,0,1,1
143,0,1,1
144,0,1,1
145,4,0,1
146,6,1,1
147,1,0,1
148,0,1,1
149,4,0,1
150,3,1,1
151,7,0,1
152,0,1,1
153,7,0,1
154,0,1,1
155,6,1,1
156,3,1,1
157,10,0,1
158,2,1,1
159,3,1,1
160,6,1,1
161,4,0,1
162,3,1,1
163,6,1,1
164,13,1,1
165,1,0,1
166,3,1,1
167,2,1,1
168,6,1,1
169,6,1,1
170,0,1,1
171,4,0,1
172,14,0,1
173,4,0,1
174,2,1,1
175,13,1,1
176,11,0,1
177,7,0,1
178,14,0,1
179,18,0,1
180,13,1,1
181,7,0,1
182,6,1,1
183,15,0,1
184,6,1,1
185,4,0,1
186,18,0,1
187,6,1,1
188,0,1,1
189,1,0,1
190,6,1,1
191,3,1,1
192,6,1,1
193,16,1,1
194,6,1,1
195,16,1,1
196,3,1,1
197,5,0,1
198,12,0,1
199,6,1,1
200,6,1,1
201,10,0,1
202,0,1,1
203,2,1,1
204,6,1,1
205,7,0,1
206,0,1,1
207,1,0,1
208,6,1,1
209,4,0,1
210,1,0,1
211,6,1,1
212,0,1,1
213,1,0,1
214,16,1,1
215,13,1,1
216,12,0,1
217,3,1,1
218,0,1,1
219,2,1,1
220,6,1,1
221,3,1,1
222,1,0,1
223,3,1,1
224,2,1,1
225,0,1,1
226,13,1,1
227,4,0,1
228,6,1,1
229,16,1,1
230,4,0,1
231,1,0,1
232,1,0,1
233,3,1,1
234,16,1,1
235,3,1,1
236,3,1,1
237,0,1,1
238,6,1,1
239,6,1,1
240,13,1,1
241,0,1,1
242,0,1,1
243,16,1,1
244,0,1,1
245,3,1,1
246,6,1,1
247,12,0,1
248,10,0,1
249,1,0,1
250,0,1,1
251,3,1,1
252,2,1,1
253,2,1,1
254,6,1,1
255,7,0,1
256,13,1,1
257,6,1,1
258,2,1,1
259,10,0,1
260,6,1,1
261,3,1,1
262,0,1,1
263,2,1,1
264,7,0,1
265,0,1,1
266,7,0,1
267,4,0,1
268,0,1,1
269,6,1,1
270,13,1,1
271,3,1,1
272,3,1,1
273,7,0,1
274,14,0,1
275,7,0,1
276,4,0,1
277,6,1,1
278,7,0,1
279,16,1,1
280,16,1,1
281,1,0,1
282,6,1,1
283,3,1,1
284,0,1,1
285,2,1,1
286,3,1,1
287,10,0,1
288,0,1,1
289,0,1,1
290,1,0,1
291,0,1,1
292,6,1,1
293,1,0,1
294,1,0,1
295,4,0,1
296,4,0,1
297,4,0,1
298,4,0,1
299,0,1,1
300,6,1,1
301,1,0,1
302,5,0,1
303,0,1,1
304,3,1,1
305,6,1,1
306,16,1,1
307,1,0,1
308,1,0,1
309,4,0,1
310,4,0,1
311,3,1,1
312,4,0,1
313,6,1,1
314,1,0,1
315,7,0,1
316,12,0,1
317,4,0,1
318,0,1,1
319,0,1,1
320,4,0,1
321,7,0,1
322,12,0,1
323,2,1,1
324,4,0,1
325,0,1,1
326,13,1,1
327,3,1,1
328,13,1,1
329,3,1,1
330,7,0,1
331,3,1,1
332,4,0,1
333,7,0,1
334,6,1,1
335,5,0,1
336,13,1,1
337,5,0,1
338,6,1,1
339,12,0,1
340,0,1,1
341,7,0,1
342,7,0,1
343,2,1,1
344,1,0,1
345,2,1,1
346,3,1,1
347,10,0,1
348,0,1,1
349,10,0,1
350,3,1,1
351,7,0,1
352,0,1,1
353,3,1,1
354,14,0,1
355,2,1,1
356,1,0,1
357,16,1,1
358,3,1,1
359,4,0,1
360,0,1,1
361,6,1,1
362,7,0,1
363,15,0,1
364,7,0,1
365,3,1,1
366,0,1,1
367,6,1,1
368,6,1,1
369,6,1,1
370,1,0,1
371,3,1,1
372,4,0,1
373,4,0,1
374,10,0,1
375,6,1,1
376,18,0,1
377,2,1,1
378,1,0,1
379,6,1,1
380,1,0,1
381,3,1,1
382,6,1,1
383,1,0,1
384,3,1,1
385,11,0,1
386,6,1,1
387,5,0,1
388,7,0,1
389,0,1,1
390,3,1,1
391,0,1,1
392,6,1,1
393,10,0,1
394,6,1,1
395,16,1,1
396,6,1,1
397,0,1,1
398,4,0,1
399,3,1,1
400,13,1,1
401,6,1,1
402,4,0,1
403,6,1,1
404,6,1,1
405,4,0,1
406,16,1,1
407,4,0,1
408,0,1,1
409,6,1,1
410,0,1,1
411,2,1,1
412,2,1,1
413,1,0,1
414,18,0,1
415,0,1,1
416,13,1,1
417,6,1,1
418,0,1,1
419,6,1,1
420,6,1,1
421,0,1,1
422,6,1,1
423,3,1,1
424,1,0,1
425,0,1,1
426,4,0,1
427,7,0,1
428,13,1,1
429,0,1,1
430,2,1,1
431,0,1,1
432,7,0,1
433,0,1,1
434,13,1,1
435,13,1,1
436,6,1,1
437,1,0,1
438,4,0,1
439,14,0,1
440,3,1,1
441,16,1,1
442,0,1,1
443,2,1,1
444,10,0,1
445,3,1,1
446,4,0,1
447,4,0,1
448,13,1,1
449,7,0,1
450,1,0,1
451,13,1,1
452,4,0,1
453,3,1,1
454,10,0,1
455,0,1,1
456,1,0,1
457,2,1,1
458,10,0,1
459,2,1,1
460,4,0,1
461,4,0,1
462,4,0,1
463,6,1,1
464,12,0,1
465,6,1,1
466,6,1,1
467,0,1,1
468,0,1,1
469,7,0,1
470,16,1,1
471,6,1,1
472,2,1,1
473,13,1,1
474,2,1,1
475,6,1,1
476,10,0,1
477,4,0,1
478,4,0,1
479,4,0,1
480,3,1,1
481,15,0,1
482,1,0,1
483,10,0,1
484,2,1,1
485,4,0,1
486,1,0,1
487,6,1,1
488,3,1,1
489,10,0,1
490,0,1,1
491,2,1,1
492,7,0,1
493,6,1,1
494,15,0,1
495,1,0,1
496,6,1,1
497,6,1,1
498,0,1,1
499,0,1,1
500,6,1,1
501,6,1,1
502,0,1,1
503,13,1,1
504,3,1,1
505,3,1,1
506,13,1,1
507,2,1,1
508,16,1,1
509,0,1,1
510,3,1,1
511,10,0,1
512,1,0,1
513,3,1,1
514,6,1,1
515,6,1,1
516,1,0,1
517,16,1,1
518,6,1,1
519,0,1,1
520,2,1,1
521,3,1,1
522,4,0,1
523,4,0,1
524,0,1,1
525,6,1,1
526,0,1,1
527,1,0,1
528,1,0,1
529,3,1,1
530,6,1,1
531,13,1,1
532,6,1,1
533,14,0,1
534,7,0,1
535,2,1,1
536,6,1,1
537,3,1,1
538,3,1,1
539,1,0,1
540,6,1,1
541,4,0,1
542,14,0,1
543,7,0,1
544,7,0,1
545,2,1,1
546,10,0,1
547,11,0,1
548,0,1,1
549,11,0,1
550,0,1,1
551,0,1,1
552,10,0,1
553,7,0,1
554,7,0,1
555,2,1,1
556,4,0,1
557,4,0,1
558,3,1,1
559,2,1,1
560,2,1,1
561,7,0,1
562,0,1,1
563,7,0,1
564,2,1,1
565,4,0,1
566,0,1,1
567,6,1,1
568,6,1,1
569,4,0,1
570,1,0,1
571,2,1,1
572,4,0,1
573,6,1,1
574,15,0,1
575,0,1,1
576,16,1,1
577,1,0,1
578,6,1,1
579,0,1,1
580,3,1,1
581,0,1,1
582,2,1,1
583,12,0,1
584,6,1,1
585,0,1,1
586,2,1,1
587,2,1,1
588,0,1,1
589,0,1,1
590,0,1,1
591,6,1,1
592,3,1,1
593,16,1,1
594,6,1,1
595,2,1,1
596,10,0,1
597,1,0,1
598,16,1,1
599,0,1,1
600,2,1,1
601,1,0,1
602,14,0,1
603,0,1,1
604,6,1,1
605,5,0,1
606,2,1,1
607,13,1,1
608,0,1,1
609,6,1,1
610,12,0,1
611,16,1,1
612,2,1,1
613,1,0,1
614,15,0,1
615,6,1,1
616,13,1,1
617,4,0,1
618,4,0,1
619,4,0,1
620,4,0,1
621,6,1,1
622,1,0,1
623,0,1,1
624,7,0,1
625,3,1,1
626,1,0,1
627,0,1,1
628,0,1,1
629,6,1,1
630,6,1,1
631,16,1,1
632,3,1,1
633,2,1,1
634,14,0,1
635,10,0,1
636,6,1,1
637,0,1,1
638,3,1,1
639,1,0,1
640,3,1,1
641,0,1,1
642,12,0,1
643,7,0,1
644,6,1,1
645,6,1,1
646,0,1,1
647,6,1,1
648,2,1,1
649,7,0,1
650,14,0,1
651,13,1,1
652,0,1,1
653,0,1,1
654,6,1,1
655,0,1,1
656,2,1,1
657,6,1,1
658,2,1,1
659,0,1,1
660,0,1,1
661,12,0,1
662,2,1,1
663,1,0,1
664,2,1,1
665,2,1,1
666,2,1,1
667,5,0,1
668,7,0,1
669,10,0,1
670,10,0,1
671,2,1,1
672,4,0,1
673,6,1,1
674,6,1,1
675,12,0,1
676,16,1,1
677,0,1,1
678,3,1,1
679,2,1,1
680,1,0,1
681,10,0,1
682,6,1,1
683,3,1,1
684,15,0,1
685,11,0,1
686,0,1,1
687,1,0,1
688,18,0,1
689,10,0,1
690,12,0,1
691,0,1,1
692,12,0,1
693,6,1,1
694,3,1,1
695,2,1,1
696,13,1,1
697,0,1,1
698,14,0,1
699,6,1,1
700,1,0,1
701,4,0,1
702,18,0,1
703,15,0,1
704,10,0,1
705,4,0,1
706,14,0,1
707,0,1,1
708,3,1,1
709,1,0,1
710,3,1,1
711,4,0,1
712,13,1,1
713,7,0,1
714,3,1,1
715,7,0,1
716,2,1,1
717,0,1,1
718,13,1,1
719,4,0,1
720,10,0,1
721,11,0,1
722,10,0,1
723,3,1,1
724,6,1,1
725,2,1,1
726,4,0,1
727,2,1,1
728,16,1,1
729,6,1,1
730,14,0,1
731,0,1,1
732,2,1,1
733,6,1,1
734,1,0,1
735,6,1,1
736,0,1,1
737,2,1,1
738,6,1,1
739,0,1,1
740,0,1,1
741,2,1,1
742,7,0,1
743,7,0,1
744,11,0,1
745,6,1,1
746,0,1,1
747,2,1,1
748,10,0,1
749,6,1,1
750,2,1,1
751,6,1,1
752,6,1,1
753,1,0,1
754,0,1,1
755,2,1,1
756,4,0,1
757,3,1,1
758,1,0,1
759,1,0,1
760,4,0,1
761,3,1,1
762,0,1,1
763,2,1,1
764,16,1,1
765,6,1,1
766,0,1,1
767,13,1,1
768,3,1,1
769,12,0,1
770,13,1,1
771,2,1,1
772,2,1,1
773,3,1,1
774,6,1,1
775,3,1,1
776,14,0,1
777,6,1,1
778,6,1,1
779,7,0,1
780,6,1,1
781,2,1,1
782,15,0,1
783,1,0,1
784,3,1,1
785,0,1,1
786,14,0,1
787,0,1,1
788,13,1,1
789,6,1,1
790,10,0,1
791,6,1,1
792,13,1,1
793,18,0,1
794,0,1,1
795,0,1,1
796,4,0,1
797,16,1,1
798,0,1,1
799,2,1,1
