vote,public_key_id,honest,valid
0,10,0,1
1,6,1,1
2,4,1,1
3,16,1,1
4,6,1,1
5,4,1,1
6,9,0,1
7,8,1,1
8,2,0,1
9,1,1,1
10,7,1,1
11,6,1,1
12,0,1,1
13,16,1,1
14,1,1,1
15,14,1,1
16,3,1,1
17,14,1,1
18,1,1,1
19,6,1,1
20,0,1,1
21,12,1,1
22,10,0,1
23,6,1,1
24,16,1,1
25,0,1,1
26,4,1,1
27,2,0,1
28,0,1,1
29,10,0,1
30,4,1,1
31,0,1,1
32,9,0,1
33,0,1,1
34,4,1,1
35,1,1,1
36,16,1,1
37,14,1,1
38,1,1,1
39,11,0,1
40,0,1,1
41,8,1,1
42,6,1,1
43,4,1,1
44,6,1,1
45,2,0,1
46,0,1,1
47,8,1,1
48,9,0,1
49,6,1,1
50,1,1,1
51,6,1,1
52,9,0,1
53,3,1,1
54,2,0,1
55,3,1,1
56,2,0,1
57,0,1,1
58,9,0,1
59,6,1,1
60,7,1,1
61,13,0,1
62,0,1,1
63,7,1,1
64,1,1,1
65,6,1,1
66,6,1,1
67,6,1,1
68,3,1,1
69,6,1,1
70,0,1,1
71,7,1,1
72,9,0,1
73,9,0,1
74,9,0,1
75,9,0,1
76,12,1,1
77,3,1,1
78,2,0,1
79,13,0,1
80,8,1,1
81,6,1,1
82,8,1,1
83,3,1,1
84,18,1,1
85,4,1,1
86,0,1,1
87,9,0,1
88,16,1,1
89,16,1,1
90,3,1,1
91,4,1,1
92,3,1,1
93,3,1,1
94,2,0,1
95,6,1,1
96,9,0,1
97,2,0,1
98,0,1,1
99,6,1,1
100,4,1,1
101,13,0,1
102,16,1,1
103,16,1,1
104,3,1,1
105,9,0,1
106,13,0,1
107,5,1,1
108,16,1,1
109,1,1,1
110,2,0,1
111,13,0,1
112,6,1,1
113,13,0,1
114,9,0,1
115,8,1,1
116,4,1,1
117,7,1,1
118,4,1,1
119,9,0,1
120,12,1,1
121,16,1,1
122,7,1,1
123,3,1,1
124,0,1,1
125,0,1,1
126,2,0,1
127,0,1,1
128,0,1,1
129,0,1,1
130,13,0,1
131,2,0,1
132,1,1,1
133,4,1,1
134,3,1,1
135,17,1,1
136,0,1,1
137,6,1,1
138,0,1,1
139,9,0,1
140,0,1,1
141,6,1,1
142,0,1,1
143,1,1,1
144,9,0,1
145,11,0,1
146,16,1,1
147,0,1,1
148,9,0,1
149,3,1,1
150,2,0,1
151,0,1,1
152,6,1,1
153,7,1,1
154,19,1,1
155,5,1,1
156,1,1,1
157,0,1,1
158,13,0,1
159,0,1,1
160,12,1,1
161,6,1,1
162,1,1,1
163,6,1,1
164,1,1,1
165,0,1,1
166,4,1,1
167,13,0,1
168,4,1,1
169,16,1,1
170,8,1,1
171,8,1,1
172,4,1,1
173,12,1,1
174,8,1,1
175,6,1,1
176,0,1,1
177,6,1,1
178,9,0,1
179,4,1,1
180,9,0,1
181,9,0,1
182,3,1,1
183,2,0,1
184,8,1,1
185,2,0,1
186,0,1,1
187,18,1,1
188,2,0,1
189,6,1,1
190,9,0,1
191,0,1,1
192,9,0,1
193,7,1,1
194,7,1,1
195,2,0,1
196,9,0,1
197,2,0,1
198,4,1,1
199,7,1,1
200,9,0,1
201,9,0,1
202,0,1,1
203,6,1,1
204,15,1,1
205,13,0,1
206,3,1,1
207,14,1,1
208,9,0,1
209,9,0,1
210,3,1,1
211,1,1,1
212,8,1,1
213,6,1,1
214,9,0,1
215,2,0,1
216,10,0,1
217,4,1,1
218,1,1,1
219,7,1,1
220,6,1,1
221,9,0,1
222,10,0,1
223,12,1,1
224,2,0,1
225,6,1,1
226,9,0,1
227,0,1,1
228,10,0,1
229,9,0,1
230,6,1,1
231,1,1,1
232,0,1,1
233,2,0,1
234,9,0,1
235,3,1,1
236,2,0,1
237,4,1,1
238,6,1,1
239,6,1,1
240,0,1,1
241,6,1,1
242,1,1,1
243,12,1,1
244,2,0,1
245,8,1,1
246,1,1,1
247,9,0,1
248,3,1,1
249,4,1,1
250,9,0,1
251,0,1,1
252,6,1,1
253,9,0,1
254,9,0,1
255,9,0,1
256,7,1,1
257,6,1,1
258,6,1,1
259,11,0,1
260,2,0,1
261,1,1,1
262,6,1,1
263,10,0,1
264,4,1,1
265,9,0,1
266,19,1,1
267,2,0,1
268,8,1,1
269,6,1,1
270,4,1,1
271,12,1,1
272,2,0,1
273,4,1,1
274,6,1,1
275,2,0,1
276,0,1,1
277,19,1,1
278,14,1,1
279,16,1,1
280,8,1,1
281,3,1,1
282,2,0,1
283,10,0,1
284,17,1,1
285,2,0,1
286,3,1,1
287,3,1,1
288,9,0,1
289,8,1,1
290,3,1,1
291,0,1,1
292,2,0,1
293,3,1,1
294,9,0,1
295,6,1,1
296,9,0,1
297,2,0,1
298,2,0,1
299,3,1,1
300,18,1,1
301,7,1,1
302,6,1,1
303,0,1,1
304,0,1,1
305,2,0,1
306,9,0,1
307,9,0,1
308,0,1,1
309,6,1,1
310,10,0,1
311,1,1,1
312,9,0,1
313,7,1,1
314,7,1,1
315,4,1,1
316,9,0,1
317,8,1,1
318,0,1,1
319,13,0,1
320,8,1,1
321,4,1,1
322,3,1,1
323,0,1,1
324,6,1,1
325,9,0,1
326,16,1,1
327,9,0,1
328,8,1,1
329,3,1,1
330,1,1,1
331,6,1,1
332,9,0,1
333,13,0,1
334,3,1,1
335,10,0,1
336,16,1,1
337,8,1,1
338,8,1,1
339,0,1,1
340,0,1,1
341,9,0,1
342,1,1,1
343,4,1,1
344,0,1,1
345,6,1,1
346,16,1,1
347,0,1,1
348,2,0,1
349,9,0,1
350,8,1,1
351,3,1,1
352,6,1,1
353,8,1,1
354,3,1,1
355,9,0,1
356,1,1,1
357,2,0,1
358,9,0,1
359,0,1,1
360,6,1,1
361,16,1,1
362,2,0,1
363,9,0,1
364,6,1,1
365,10,0,1
366,9,0,1
367,7,1,1
368,6,1,1
369,6,1,1
370,1,1,1
371,3,1,1
372,2,0,1
373,7,1,1
374,1,1,1
375,6,1,1
376,2,0,1
377,16,1,1
378,4,1,1
379,6,1,1
380,4,1,1
381,6,1,1
382,0,1,1
383,8,1,1
384,3,1,1
385,3,1,1
386,0,1,1
387,18,1,1
388,0,1,1
389,3,1,1
390,3,1,1
391,8,1,1
392,3,1,1
393,4,1,1
394,7,1,1
395,1,1,1
396,9,0,1
397,6,1,1
398,16,1,1
399,1,1,1
400,0,1,1
401,2,0,1
402,4,1,1
403,14,1,1
404,6,1,1
405,9,0,1
406,3,1,1
407,9,0,1
408,9,0,1
409,0,1,1
410,9,0,1
411,3,1,1
412,6,1,1
413,2,0,1
414,9,0,1
415,9,0,1
416,6,1,1
417,6,1,1
418,0,1,1
419,4,1,1
420,18,1,1
421,6,1,1
422,0,1,1
423,8,1,1
424,8,1,1
425,7,1,1
426,6,1,1
427,3,1,1
428,9,0,1
429,3,1,1
430,1,1,1
431,10,0,1
432,8,1,1
433,3,1,1
434,8,1,1
435,9,0,1
436,13,0,1
437,6,1,1
438,0,1,1
439,0,1,1
440,4,1,1
441,10,0,1
442,13,0,1
443,2,0,1
444,4,1,1
445,2,0,1
446,6,1,1
447,1,1,1
448,7,1,1
449,16,1,1
450,0,1,1
451,6,1,1
452,5,1,1
453,0,1,1
454,4,1,1
455,6,1,1
456,3,1,1
457,3,1,1
458,0,1,1
459,0,1,1
460,13,0,1
461,6,1,1
462,9,0,1
463,5,1,1
464,9,0,1
465,7,1,1
466,8,1,1
467,0,1,1
468,6,1,1
469,7,1,1
470,19,1,1
471,4,1,1
472,15,1,1
473,1,1,1
474,9,0,1
475,9,0,1
476,1,1,1
477,4,1,1
478,8,1,1
479,19,1,1
480,2,0,1
481,8,1,1
482,3,1,1
483,9,0,1
484,14,1,1
485,3,1,1
486,0,1,1
487,7,1,1
488,8,1,1
489,2,0,1
490,1,1,1
491,7,1,1
492,4,1,1
493,14,1,1
494,10,0,1
495,3,1,1
496,2,0,1
497,0,1,1
498,12,1,1
499,13,0,1
500,16,1,1
501,7,1,1
502,16,1,1
503,6,1,1
504,3,1,1
505,13,0,1
506,3,1,1
507,5,1,1
508,0,1,1
509,4,1,1
510,0,1,1
511,0,1,1
512,4,1,1
513,16,1,1
514,12,1,1
515,4,1,1
516,0,1,1
517,13,0,1
518,0,1,1
519,10,0,1
520,9,0,1
521,11,0,1
522,2,0,1
523,4,1,1
524,2,0,1
525,7,1,1
526,10,0,1
527,6,1,1
528,11,0,1
529,0,1,1
530,2,0,1
531,4,1,1
532,9,0,1
533,8,1,1
534,13,0,1
535,0,1,1
536,6,1,1
537,7,1,1
538,9,0,1
539,1,1,1
540,7,1,1
541,8,1,1
542,3,1,1
543,6,1,1
544,6,1,1
545,2,0,1
546,3,1,1
547,3,1,1
548,8,1,1
549,16,1,1
550,6,1,1
551,2,0,1
552,14,1,1
553,0,1,1
554,0,1,1
555,1,1,1
556,7,1,1
557,17,1,1
558,14,1,1
559,10,0,1
560,3,1,1
561,3,1,1
562,9,0,1
563,9,0,1
564,6,1,1
565,0,1,1
566,6,1,1
567,16,1,1
568,6,1,1
569,11,0,1
570,8,1,1
571,10,0,1
572,6,1,1
573,3,1,1
574,1,1,1
575,8,1,1
576,9,0,1
577,9,0,1
578,4,1,1
579,2,0,1
580,0,1,1
581,3,1,1
582,1,1,1
583,9,0,1
584,0,1,1
585,2,0,1
586,10,0,1
587,12,1,1
588,7,1,1
589,10,0,1
590,6,1,1
591,4,1,1
592,6,1,1
593,6,1,1
594,4,1,1
595,9,0,1
596,19,1,1
597,3,1,1
598,16,1,1
599,6,1,1
600,13,0,1
601,7,1,1
602,2,0,1
603,9,0,1
604,1,1,1
605,1,1,1
606,6,1,1
607,7,1,1
608,8,1,1
609,3,1,1
610,18,1,1
611,0,1,1
612,4,1,1
613,6,1,1
614,0,1,1
615,0,1,1
616,7,1,1
617,6,1,1
618,9,0,1
619,0,1,1
620,8,1,1
621,6,1,1
622,6,1,1
623,9,0,1
624,1,1,1
625,4,1,1
626,0,1,1
627,0,1,1
628,8,1,1
629,0,1,1
630,2,0,1
631,9,0,1
632,3,1,1
633,15,1,1
634,0,1,1
635,7,1,1
636,6,1,1
637,13,0,1
638,1,1,1
639,19,1,1
640,2,0,1
641,9,0,1
642,7,1,1
643,6,1,1
644,9,0,1
645,3,1,1
646,15,1,1
647,6,1,1
648,2,0,1
649,18,1,1
650,0,1,1
651,0,1,1
652,0,1,1
653,6,1,1
654,14,1,1
655,6,1,1
656,3,1,1
657,14,1,1
658,1,1,1
659,9,0,1
660,9,0,1
661,0,1,1
662,7,1,1
663,14,1,1
664,7,1,1
665,10,0,1
666,6,1,1
667,18,1,1
668,0,1,1
669,6,1,1
670,0,1,1
671,13,0,1
672,2,0,1
673,3,1,1
674,6,1,1
675,4,1,1
676,9,0,1
677,17,1,1
678,4,1,1
679,12,1,1
680,0,1,1
681,6,1,1
682,5,1,1
683,6,1,1
684,6,1,1
685,6,1,1
686,2,0,1
687,0,1,1
688,6,1,1
689,0,1,1
690,0,1,1
691,10,0,1
692,8,1,1
693,8,1,1
694,6,1,1
695,4,1,1
696,3,1,1
697,4,1,1
698,0,1,1
699,1,1,1
700,6,1,1
701,6,1,1
702,13,0,1
703,0,1,1
704,12,1,1
705,10,0,1
706,10,0,1
707,7,1,1
708,0,1,1
709,9,0,1
710,6,1,1
711,9,0,1
712,3,1,1
713,16,1,1
714,7,1,1
715,15,1,1
716,6,1,1
717,18,1,1
718,7,1,1
719,9,0,1
720,9,0,1
721,7,1,1
722,5,1,1
723,2,0,1
724,1,1,1
725,4,1,1
726,6,1,1
727,3,1,1
728,9,0,1
729,0,1,1
730,10,0,1
731,16,1,1
732,9,0,1
733,3,1,1
734,1,1,1
735,4,1,1
736,6,1,1
737,8,1,1
738,4,1,1
739,1,1,1
740,1,1,1
741,13,0,1
742,0,1,1
743,12,1,1
744,16,1,1
745,9,0,1
746,7,1,1
747,4,1,1
748,13,0,1
749,1,1,1
750,1,1,1
751,0,1,1
752,4,1,1
753,8,1,1
754,4,1,1
755,9,0,1
756,6,1,1
757,2,0,1
758,9,0,1
759,4,1,1
760,0,1,1
761,10,0,1
762,14,1,1
763,1,1,1
764,0,1,1
765,8,1,1
766,4,1,1
767,7,1,1
768,9,0,1
769,9,0,1
770,2,0,1
771,1,1,1
772,3,1,1
773,13,0,1
774,14,1,1
775,0,1,1
776,8,1,1
777,14,1,1
778,2,0,1
779,13,0,1
780,2,0,1
781,1,1,1
782,9,0,1
783,0,1,1
784,10,0,1
785,7,1,1
786,9,0,1
787,9,0,1
788,6,1,1
789,6,1,1
790,4,1,1
791,0,1,1
792,4,1,1
793,17,1,1
794,4,1,1
795,8,1,1
796,2,0,1
797,14,1,1
798,8,1,1
799,9,0,1
800,0,1,1
801,4,1,1
802,9,0,1
803,9,0,1
804,10,0,1
805,8,1,1
806,3,1,1
807,4,1,1
808,3,1,1
809,9,0,1
810,12,1,1
811,6,1,1
812,4,1,1
813,8,1,1
814,9,0,1
815,8,1,1
816,3,1,1
817,19,1,1
818,0,1,1
819,3,1,1
820,6,1,1
821,6,1,1
822,0,1,1
823,10,0,1
824,2,0,1
825,4,1,1
826,0,1,1
827,6,1,1
828,0,1,1
829,2,0,1
830,3,1,1
831,7,1,1
832,16,1,1
833,2,0,1
834,0,1,1
835,7,1,1
836,6,1,1
837,8,1,1
838,13,0,1
839,0,1,1
840,7,1,1
841,4,1,1
842,2,0,1
843,4,1,1
844,6,1,1
845,0,1,1
846,6,1,1
847,6,1,1
848,17,1,1
849,5,1,1
850,6,1,1
851,0,1,1
852,3,1,1
853,15,1,1
854,16,1,1
855,9,0,1
856,6,1,1
857,0,1,1
858,6,1,1
859,10,0,1
860,12,1,1
861,15,1,1
862,6,1,1
863,9,0,1
864,4,1,1
865,8,1,1
866,8,1,1
867,8,1,1
868,4,1,1
869,6,1,1
870,0,1,1
871,9,0,1
872,0,1,1
873,9,0,1
874,17,1,1
875,11,0,1
876,16,1,1
877,0,1,1
878,6,1,1
879,0,1,1
880,15,1,1
881,2,0,1
882,6,1,1
883,13,0,1
884,2,0,1
885,13,0,1
886,8,1,1
887,0,1,1
888,13,0,1
889,0,1,1
890,13,0,1
891,1,1,1
892,10,0,1
893,4,1,1
894,6,1,1
895,2,0,1
896,6,1,1
897,9,0,1
898,9,0,1
899,6,1,1
900,6,1,1
901,9,0,1
902,0,1,1
903,6,1,1
904,3,1,1
905,10,0,1
906,2,0,1
907,4,1,1
908,2,0,1
909,16,1,1
910,2,0,1
911,8,1,1
912,2,0,1
913,1,1,1
914,0,1,1
915,4,1,1
916,9,0,1
917,1,1,1
918,4,1,1
919,0,1,1
920,2,0,1
921,5,1,1
922,6,1,1
923,9,0,1
924,6,1,1
925,11,0,1
926,1,1,1
927,0,1,1
928,3,1,1
929,3,1,1
930,13,0,1
931,0,1,1
932,3,1,1
933,17,1,1
934,1,1,1
935,4,1,1
936,9,0,1
937,13,0,1
938,12,1,1
939,7,1,1
940,0,1,1
941,3,1,1
942,3,1,1
943,1,1,1
944,6,1,1
945,11,0,1
946,6,1,1
947,7,1,1
948,9,0,1
949,6,1,1
950,9,0,1
951,7,1,1
952,7,1,1
953,1,1,1
954,6,1,1
955,4,1,1
956,15,1,1
957,0,1,1
958,2,0,1
959,3,1,1
960,0,1,1
961,16,1,1
962,8,1,1
963,2,0,1
964,9,0,1
965,2,0,1
966,0,1,1
967,3,1,1
968,2,0,1
969,14,1,1
970,1,1,1
971,9,0,1
972,0,1,1
973,3,1,1
974,2,0,1
975,1,1,1
976,6,1,1
977,1,1,1
978,10,0,1
979,6,1,1
980,16,1,1
981,6,1,1
982,10,0,1
983,7,1,1
984,12,1,1
985,6,1,1
986,8,1,1
987,17,1,1
988,0,1,1
989,1,1,1
990,8,1,1
991,8,1,1
992,13,0,1
993,10,0,1
994,7,1,1
995,9,0,1
996,3,1,1
997,9,0,1
998,9,0,1
999,1,1,1
