vote,public_key_id,honest,valid
0,11,0,1
1,32,1,1
2,1,1,1
3,1,1,1
4,3,1,1
5,1,1,1
6,33,0,1
7,3,1,1
8,32,1,1
9,1,1,1
10,1,1,1
11,32,1,1
12,32,1,1
13,9,0,1
14,1,1,1
15,24,0,1
16,1,1,1
17,1,1,1
18,7,1,1
19,15,0,1
20,5,1,1
21,1,1,0
22,15,0,1
23,7,1,1
24,12,0,1
25,32,1,1
26,3,1,1
27,3,1,1
28,1,1,1
29,1,1,1
30,1,1,1
31,24,0,1
32,32,1,1
33,11,0,1
34,1,1,1
35,24,0,1
36,24,0,1
37,11,0,1
38,0,1,1
39,32,1,1
40,5,1,1
41,9,0,1
42,32,1,1
43,3,1,1
44,32,1,1
45,1,1,1
46,13,0,1
47,1,1,1
48,5,1,1
49,3,1,1
50,11,0,1
51,11,0,1
52,26,0,1
53,7,1,1
54,17,1,1
55,16,0,1
56,1,1,1
57,32,1,1
58,1,1,1
59,7,1,1
60,3,1,1
61,24,0,1
62,24,0,1
63,6,0,1
64,32,1,1
65,1,1,1
66,11,0,1
67,32,1,1
68,3,1,1
69,32,1,1
70,24,0,1
71,32,1,1
72,1,1,1
73,32,1,1
74,32,1,1
75,11,0,1
76,24,0,1
77,1,1,1
78,32,1,1
79,32,1,1
80,3,1,1
81,32,1,1
82,16,0,1
83,7,1,1
84,1,1,1
85,6,0,1
86,32,1,1
87,32,1,1
88,32,1,1
89,3,1,1
90,32,1,1
91,1,1,1
92,32,1,1
93,1,1,1
94,9,0,1
95,17,1,1
96,11,0,1
97,13,0,1
98,35,0,1
99,24,0,1
100,1,1,1
101,27,0,1
102,25,0,1
103,24,0,1
104,5,1,1
105,1,1,1
106,7,1,1
107,1,1,1
108,22,1,1
109,1,1,1
110,3,1,1
111,11,0,1
112,7,1,1
113,3,1,1
114,13,0,1
115,1,1,1
116,3,1,1
117,1,1,1
118,8,0,1
119,11,0,1
120,9,0,1
121,32,1,1
122,32,1,1
123,1,1,1
124,3,1,1
125,1,1,1
126,6,0,1
127,1,1,1
128,24,0,1
129,1,1,1
130,6,0,1
131,11,0,1
132,24,0,1
133,24,0,1
134,9,0,1
135,32,1,1
136,19,1,1
137,1,1,1
138,1,1,1
139,5,1,1
140,1,1,1
141,1,1,1
142,6,0,1
143,1,1,1
144,1,1,1
145,24,0,1
146,19,1,1
147,5,1,1
148,1,1,1
149,32,1,1
150,1,1,1
151,32,1,1
152,3,1,1
153,11,0,1
154,1,1,1
155,24,0,1
156,32,1,1
157,9,0,1
158,32,1,1
159,1,1,1
160,32,1,1
161,24,0,1
162,17,1,1
163,24,0,1
164,1,1,0
165,1,1,1
166,0,1,1
167,3,1,1
168,1,1,1
169,1,1,1
170,24,0,1
171,32,1,1
172,32,1,1
173,3,1,1
174,4,0,1
175,11,0,1
176,1,1,1
177,5,1,1
178,3,1,1
179,1,1,1
180,6,0,1
181,32,1,1
182,1,1,1
183,1,1,1
184,1,1,1
185,32,1,1
186,9,0,1
187,1,1,1
188,32,1,1
189,32,1,1
190,32,1,1
191,9,0,1
192,32,1,1
193,1,1,1
194,1,1,1
195,9,0,1
196,1,1,1
197,9,0,1
198,0,1,1
199,1,1,1
200,24,0,1
201,5,1,1
202,10,0,1
203,6,0,1
204,32,1,1
205,7,1,1
206,32,1,1
207,32,1,1
208,24,0,1
209,1,1,1
210,20,0,1
211,1,1,1
212,24,0,1
213,1,1,1
214,1,1,1
215,3,1,1
216,20,0,1
217,6,0,1
218,11,0,1
219,11,0,1
220,1,1,1
221,16,0,1
222,32,1,1
223,0,1,1
224,32,1,1
225,1,1,1
226,24,0,1
227,32,1,1
228,32,1,1
229,7,1,1
230,32,1,1
231,15,0,1
232,11,0,1
233,1,1,1
234,32,1,1
235,1,1,1
236,16,0,1
237,32,1,1
238,11,0,1
239,24,0,1
240,9,0,1
241,11,0,1
242,1,1,1
243,24,0,1
244,32,1,1
245,32,1,1
246,32,1,1
247,3,1,1
248,24,0,1
249,32,1,1
250,32,1,1
251,3,1,1
252,32,1,1
253,3,1,1
254,12,0,1
255,1,1,1
256,1,1,1
257,24,0,1
258,9,0,1
259,17,1,1
260,32,1,1
261,28,1,1
262,5,1,1
263,32,1,1
264,28,1,1
265,10,0,1
266,7,1,1
267,1,1,1
268,25,0,1
269,32,1,1
270,1,1,1
271,24,0,1
272,32,1,1
273,24,0,1
274,1,1,1
275,32,1,1
276,1,1,1
277,11,0,1
278,1,1,1
279,27,0,1
280,13,0,1
281,1,1,1
282,24,0,1
283,0,1,1
284,13,0,1
285,32,1,1
286,1,1,1
287,9,0,1
288,7,1,1
289,3,1,1
290,1,1,1
291,1,1,1
292,32,1,1
293,32,1,1
294,1,1,0
295,1,1,1
296,1,1,1
297,24,0,1
298,32,1,1
299,1,1,1
300,32,1,1
301,24,0,1
302,3,1,1
303,32,1,1
304,10,0,1
305,3,1,1
306,6,0,1
307,1,1,1
308,5,1,1
309,24,0,1
310,1,1,1
311,22,1,1
312,3,1,1
313,17,1,1
314,3,1,1
315,6,0,1
316,1,1,1
317,5,1,1
318,32,1,1
319,1,1,1
320,32,1,1
321,1,1,1
322,5,1,1
323,24,0,1
324,1,1,1
325,7,1,1
326,1,1,1
327,12,0,1
328,25,0,1
329,32,1,1
330,1,1,1
331,24,0,1
332,24,0,1
333,3,1,1
334,9,0,1
335,6,0,1
336,32,1,1
337,9,0,1
338,3,1,1
339,32,1,1
340,6,0,1
341,1,1,1
342,19,1,1
343,32,1,1
344,24,0,1
345,32,1,1
346,32,1,1
347,32,1,1
348,3,1,1
349,4,0,1
350,25,0,1
351,32,1,1
352,32,1,1
353,32,1,1
354,19,1,1
355,9,0,1
356,11,0,1
357,1,1,1
358,12,0,1
359,32,1,1
360,9,0,1
361,10,0,1
362,32,1,1
363,17,1,1
364,32,1,1
365,1,1,1
366,1,1,1
367,1,1,1
368,3,1,1
369,3,1,1
370,3,1,1
371,11,0,1
372,28,1,1
373,32,1,1
374,3,1,1
375,32,1,1
376,11,0,1
377,7,1,1
378,24,0,1
379,3,1,1
380,7,1,1
381,24,0,1
382,11,0,1
383,1,1,1
384,17,1,1
385,32,1,1
386,32,1,1
387,32,1,1
388,1,1,1
389,12,0,1
390,1,1,1
391,20,0,1
392,32,1,1
393,32,1,1
394,7,1,1
395,32,1,1
396,5,1,1
397,33,0,1
398,12,0,1
399,32,1,1
400,1,1,1
401,11,0,1
402,32,1,1
403,32,1,1
404,3,1,1
405,11,0,1
406,1,1,1
407,1,1,1
408,1,1,1
409,13,0,1
410,1,1,1
411,11,0,1
412,32,1,1
413,1,1,1
414,1,1,1
415,1,1,1
416,32,1,1
417,5,1,1
418,16,0,1
419,32,1,1
420,3,1,1
421,7,1,1
422,32,1,1
423,1,1,1
424,24,0,1
425,6,0,1
426,29,0,1
427,24,0,1
428,1,1,1
429,1,1,1
430,24,0,1
431,18,1,1
432,1,1,1
433,32,1,1
434,5,1,1
435,32,1,1
436,1,1,1
437,6,0,1
438,32,1,1
439,1,1,1
440,17,1,1
441,32,1,1
442,5,1,1
443,7,1,1
444,32,1,1
445,1,1,1
446,1,1,1
447,7,1,1
448,32,1,1
449,1,1,1
450,19,1,1
451,3,1,1
452,7,1,1
453,25,0,1
454,17,1,1
455,11,0,1
456,1,1,0
457,1,1,1
458,1,1,1
459,3,1,1
460,1,1,1
461,9,0,1
462,12,0,1
463,32,1,1
464,24,0,1
465,24,0,1
466,7,1,1
467,1,1,1
468,32,1,1
469,1,1,1
470,1,1,1
471,3,1,1
472,1,1,1
473,24,0,1
474,32,1,1
475,32,1,1
476,2,0,1
477,1,1,1
478,1,1,1
479,6,0,1
480,1,1,1
481,24,0,1
482,11,0,1
483,1,1,1
484,1,1,1
485,1,1,1
486,32,1,1
487,33,0,1
488,1,1,1
489,32,1,1
490,1,1,1
491,24,0,1
492,7,1,1
493,32,1,1
494,3,1,1
495,3,1,1
496,1,1,1
497,16,0,1
498,32,1,1
499,32,1,1
500,24,0,1
501,7,1,1
502,32,1,1
503,3,1,1
504,1,1,1
505,9,0,1
506,1,1,1
507,3,1,1
508,17,1,1
509,1,1,1
510,32,1,1
511,5,1,1
512,32,1,1
513,32,1,1
514,1,1,1
515,33,0,1
516,1,1,1
517,1,1,1
518,10,0,1
519,1,1,1
520,32,1,1
521,32,1,1
522,6,0,1
523,6,0,1
524,1,1,1
525,32,1,1
526,6,0,1
527,1,1,1
528,32,1,1
529,0,1,1
530,1,1,1
531,32,1,1
532,12,0,1
533,32,1,1
534,32,1,1
535,23,0,1
536,24,0,1
537,25,0,1
538,5,1,1
539,24,0,1
540,1,1,1
541,15,0,1
542,4,0,1
543,32,1,1
544,3,1,1
545,1,1,1
546,32,1,1
547,32,1,1
548,7,1,1
549,1,1,1
550,1,1,1
551,11,0,1
552,11,0,1
553,1,1,1
554,7,1,1
555,32,1,1
556,1,1,0
557,1,1,1
558,6,0,1
559,32,1,1
560,1,1,1
561,0,1,1
562,32,1,1
563,6,0,1
564,33,0,1
565,32,1,1
566,15,0,1
567,11,0,1
568,24,0,1
569,32,1,1
570,6,0,1
571,32,1,1
572,32,1,1
573,32,1,1
574,6,0,1
575,20,0,1
576,32,1,1
577,11,0,1
578,6,0,1
579,11,0,1
580,1,1,1
581,32,1,1
582,1,1,1
583,32,1,1
584,1,1,1
585,12,0,1
586,3,1,1
587,1,1,1
588,32,1,1
589,24,0,1
590,3,1,1
591,16,0,1
592,32,1,1
593,5,1,1
594,4,0,1
595,32,1,1
596,24,0,1
597,32,1,1
598,6,0,1
599,16,0,1
600,6,0,1
601,1,1,1
602,4,0,1
603,1,1,1
604,18,1,1
605,7,1,1
606,33,0,1
607,1,1,1
608,1,1,1
609,32,1,1
610,1,1,1
611,22,1,1
612,1,1,1
613,1,1,1
614,10,0,1
615,32,1,1
616,12,0,1
617,6,0,1
618,24,0,1
619,14,0,1
620,5,1,1
621,11,0,1
622,5,1,1
623,1,1,1
624,1,1,1
625,24,0,1
626,3,1,1
627,24,0,1
628,11,0,1
629,1,1,1
630,17,1,1
631,32,1,1
632,11,0,1
633,3,1,1
634,1,1,1
635,1,1,1
636,10,0,1
637,11,0,1
638,3,1,1
639,3,1,1
640,0,1,1
641,32,1,1
642,1,1,1
643,1,1,1
644,3,1,1
645,1,1,1
646,17,1,1
647,32,1,1
648,1,1,1
649,3,1,1
650,1,1,1
651,1,1,1
652,24,0,1
653,24,0,1
654,3,1,1
655,24,0,1
656,22,1,1
657,32,1,1
658,1,1,1
659,6,0,1
660,1,1,1
661,1,1,1
662,32,1,1
663,6,0,1
664,1,1,1
665,1,1,1
666,7,1,1
667,32,1,1
668,1,1,1
669,11,0,1
670,32,1,1
671,5,1,1
672,32,1,1
673,1,1,1
674,1,1,1
675,11,0,1
676,32,1,1
677,1,1,1
678,1,1,1
679,1,1,1
680,3,1,1
681,1,1,1
682,1,1,1
683,19,1,1
684,11,0,1
685,31,0,1
686,32,1,1
687,1,1,1
688,32,1,1
689,24,0,1
690,1,1,1
691,24,0,1
692,1,1,1
693,8,0,1
694,11,0,1
695,32,1,1
696,11,0,1
697,32,1,1
698,20,0,1
699,3,1,1
700,33,0,1
701,11,0,1
702,1,1,1
703,6,0,1
704,11,0,1
705,1,1,1
706,1,1,1
707,5,1,1
708,24,0,1
709,32,1,1
710,1,1,1
711,14,0,1
712,1,1,1
713,1,1,1
714,11,0,1
715,32,1,1
716,1,1,1
717,3,1,1
718,19,1,1
719,3,1,1
720,3,1,1
721,1,1,1
722,32,1,1
723,3,1,1
724,32,1,1
725,11,0,1
726,32,1,1
727,32,1,1
728,24,0,1
729,32,1,1
730,32,1,1
731,1,1,1
732,1,1,1
733,1,1,1
734,6,0,1
735,32,1,1
736,5,1,1
737,25,0,1
738,1,1,1
739,19,1,1
740,17,1,1
741,32,1,1
742,24,0,1
743,5,1,1
744,1,1,1
745,24,0,1
746,3,1,1
747,1,1,1
748,32,1,1
749,32,1,1
750,1,1,1
751,32,1,1
752,1,1,1
753,32,1,1
754,11,0,1
755,32,1,1
756,1,1,1
757,32,1,1
758,7,1,1
759,32,1,1
760,24,0,1
761,32,1,1
762,32,1,1
763,3,1,1
764,1,1,1
765,24,0,1
766,32,1,1
767,11,0,1
768,19,1,1
769,1,1,1
770,12,0,1
771,3,1,1
772,32,1,1
773,32,1,1
774,24,0,1
775,30,0,1
776,5,1,1
777,1,1,1
778,15,0,1
779,1,1,1
780,1,1,1
781,32,1,1
782,3,1,1
783,7,1,1
784,32,1,1
785,32,1,1
786,24,0,1
787,6,0,1
788,1,1,1
789,3,1,1
790,8,0,1
791,0,1,1
792,1,1,1
793,12,0,1
794,32,1,1
795,11,0,1
796,32,1,1
797,20,0,1
798,1,1,1
799,10,0,1
800,24,0,1
801,24,0,1
802,1,1,1
803,6,0,1
804,34,0,1
805,5,1,1
806,1,1,1
807,1,1,1
808,7,1,1
809,5,1,1
810,11,0,1
811,7,1,1
812,32,1,1
813,0,1,1
814,19,1,1
815,18,1,1
816,1,1,1
817,1,1,1
818,3,1,1
819,1,1,1
820,33,0,0
821,12,0,1
822,1,1,1
823,32,1,1
824,5,1,1
825,1,1,1
826,5,1,1
827,22,1,1
828,3,1,1
829,1,1,1
830,1,1,1
831,1,1,1
832,11,0,1
833,32,1,1
834,24,0,1
835,1,1,1
836,7,1,1
837,7,1,1
838,17,1,1
839,1,1,1
840,1,1,1
841,3,1,1
842,3,1,1
843,5,1,1
844,17,1,1
845,3,1,1
846,3,1,1
847,32,1,1
848,24,0,1
849,32,1,1
850,1,1,1
851,11,0,1
852,1,1,1
853,24,0,1
854,3,1,1
855,3,1,1
856,32,1,1
857,5,1,1
858,11,0,1
859,32,1,1
860,16,0,1
861,7,1,1
862,24,0,1
863,11,0,1
864,1,1,1
865,7,1,1
866,3,1,1
867,32,1,1
868,33,0,1
869,5,1,1
870,1,1,1
871,32,1,1
872,3,1,1
873,5,1,1
874,6,0,1
875,6,0,1
876,32,1,1
877,10,0,1
878,32,1,1
879,5,1,1
880,1,1,1
881,32,1,1
882,7,1,1
883,3,1,1
884,21,0,1
885,24,0,1
886,12,0,1
887,1,1,1
888,32,1,1
889,24,0,1
890,1,1,1
891,6,0,1
892,1,1,1
893,11,0,1
894,16,0,1
895,12,0,1
896,17,1,1
897,6,0,1
898,1,1,1
899,17,1,1
900,1,1,1
901,7,1,1
902,33,0,1
903,24,0,1
904,1,1,1
905,1,1,1
906,7,1,1
907,3,1,1
908,1,1,1
909,19,1,1
910,1,1,1
911,7,1,1
912,32,1,1
913,32,1,1
914,32,1,1
915,1,1,1
916,1,1,1
917,32,1,1
918,1,1,1
919,5,1,1
920,32,1,1
921,32,1,1
922,3,1,1
923,5,1,1
924,24,0,1
925,1,1,1
926,0,1,1
927,19,1,1
928,1,1,1
929,32,1,1
930,16,0,1
931,32,1,1
932,3,1,1
933,26,0,1
934,7,1,1
935,1,1,1
936,32,1,1
937,1,1,1
938,1,1,1
939,32,1,1
940,27,0,1
941,1,1,1
942,1,1,1
943,24,0,1
944,1,1,1
945,16,0,1
946,24,0,1
947,3,1,1
948,32,1,1
949,32,1,1
950,0,1,1
951,1,1,1
952,1,1,1
953,1,1,1
954,3,1,1
955,1,1,1
956,1,1,1
957,5,1,1
958,24,0,1
959,27,0,1
960,32,1,1
961,3,1,1
962,11,0,1
963,32,1,1
964,24,0,1
965,24,0,1
966,24,0,1
967,1,1,1
968,5,1,1
969,32,1,1
970,3,1,1
971,25,0,1
972,3,1,1
973,24,0,1
974,24,0,1
975,7,1,1
976,7,1,1
977,1,1,0
978,32,1,1
979,0,1,1
980,11,0,1
981,11,0,1
982,27,0,1
983,24,0,1
984,1,1,1
985,24,0,1
986,28,1,1
987,24,0,1
988,1,1,1
989,1,1,1
990,32,1,1
991,3,1,1
992,1,1,1
993,1,1,1
994,1,1,1
995,5,1,1
996,24,0,1
997,3,1,1
998,17,1,1
999,3,1,1
