vote,public_key_id,honest,valid
0,11,0,1
1,6,1,1
2,1,1,1
3,3,0,1
4,12,1,1
5,32,1,1
6,32,1,1
7,5,1,1
8,3,0,1
9,32,1,1
10,32,1,1
11,12,1,1
12,24,1,1
13,32,1,1
14,5,1,1
15,3,0,1
16,11,0,1
17,3,0,1
18,11,0,1
19,3,0,1
20,24,1,1
21,0,0,1
22,7,0,1
23,16,1,1
24,3,0,1
25,32,1,1
26,32,1,1
27,6,1,1
28,11,0,1
29,24,1,1
30,32,1,1
31,1,1,1
32,24,1,1
33,17,0,1
34,32,1,1
35,1,1,1
36,1,1,1
37,22,0,1
38,8,0,1
39,32,1,1
40,7,0,1
41,24,1,1
42,1,1,1
43,7,0,1
44,11,0,1
45,1,1,1
46,1,1,1
47,9,1,1
48,5,1,1
49,1,1,1
50,1,1,1
51,1,1,1
52,1,1,1
53,1,1,1
54,5,1,1
55,1,1,1
56,1,1,1
57,1,1,1
58,3,0,1
59,10,0,1
60,19,0,1
61,32,1,1
62,3,0,1
63,1,1,1
64,11,0,1
65,1,1,1
66,17,0,1
67,1,1,1
68,1,1,1
69,32,1,1
70,9,1,1
71,1,1,1
72,32,1,1
73,1,1,1
74,7,0,1
75,1,1,1
76,11,0,1
77,26,0,1
78,7,0,1
79,32,1,1
80,6,1,1
81,3,0,1
82,1,1,1
83,1,1,1
84,24,1,1
85,24,1,1
86,32,1,1
87,32,1,1
88,0,0,1
89,16,1,1
90,32,1,1
91,24,1,1
92,1,1,1
93,32,1,1
94,1,1,0
95,1,1,1
96,9,1,1
97,3,0,1
98,32,1,1
99,1,1,1
100,32,1,1
101,11,0,1
102,19,0,1
103,1,1,1
104,1,1,1
105,7,0,1
106,1,1,1
107,32,1,1
108,3,0,1
109,32,1,1
110,1,1,1
111,1,1,1
112,1,1,1
113,1,1,1
114,1,1,1
115,12,1,1
116,13,0,1
117,1,1,1
118,11,0,1
119,32,1,1
120,1,1,1
121,6,1,1
122,24,1,1
123,5,1,1
124,32,1,1
125,5,1,1
126,20,1,1
127,24,1,1
128,32,1,1
129,15,0,1
130,11,0,1
131,3,0,1
132,19,0,1
133,32,1,1
134,0,0,1
135,20,1,1
136,1,1,1
137,3,0,1
138,3,0,1
139,17,0,1
140,32,1,1
141,32,1,1
142,1,1,1
143,25,0,1
144,1,1,1
145,3,0,1
146,32,1,1
147,32,1,1
148,3,0,1
149,27,0,1
150,16,1,1
151,1,1,1
152,1,1,1
153,4,0,1
154,1,1,1
155,1,1,1
156,24,1,1
157,1,1,1
158,7,0,1
159,3,0,1
160,3,0,1
161,3,0,1
162,32,1,1
163,1,1,0
164,1,1,1
165,32,1,1
166,7,0,1
167,11,0,1
168,32,1,1
169,17,0,1
170,3,0,1
171,1,1,1
172,32,1,1
173,6,1,1
174,3,0,1
175,32,1,1
176,7,0,1
177,1,1,1
178,32,1,1
179,7,0,1
180,1,1,1
181,24,1,1
182,1,1,1
183,13,0,1
184,11,0,1
185,32,1,1
186,1,1,1
187,12,1,1
188,24,1,1
189,1,1,1
190,24,1,1
191,1,1,1
192,32,1,1
193,6,1,1
194,11,0,1
195,32,1,1
196,33,0,1
197,32,1,1
198,1,1,1
199,5,1,1
200,1,1,1
201,3,0,1
202,32,1,1
203,32,1,1
204,15,0,1
205,32,1,1
206,1,1,1
207,6,1,1
208,24,1,1
209,32,1,1
210,0,0,1
211,5,1,1
212,9,1,1
213,3,0,1
214,7,0,1
215,9,1,1
216,24,1,1
217,24,1,1
218,1,1,1
219,1,1,1
220,1,1,1
221,13,0,1
222,24,1,1
223,3,0,1
224,35,0,1
225,1,1,1
226,32,1,1
227,6,1,1
228,32,1,1
229,32,1,1
230,3,0,1
231,24,1,1
232,3,0,1
233,3,0,1
234,11,0,1
235,1,1,1
236,11,0,1
237,16,1,1
238,32,1,1
239,15,0,1
240,11,0,1
241,6,1,1
242,1,1,1
243,32,1,1
244,19,0,1
245,17,0,1
246,1,1,1
247,32,1,1
248,11,0,1
249,24,1,1
250,11,0,1
251,1,1,1
252,12,1,1
253,6,1,1
254,32,1,1
255,32,1,1
256,6,1,1
257,32,1,1
258,32,1,1
259,32,1,1
260,32,1,1
261,1,1,1
262,24,1,1
263,1,1,1
264,24,1,1
265,7,0,1
266,32,1,1
267,28,1,1
268,5,1,1
269,24,1,1
270,32,1,1
271,28,1,1
272,10,0,1
273,1,1,1
274,25,0,1
275,32,1,1
276,1,1,1
277,32,1,1
278,3,0,1
279,24,1,1
280,3,0,1
281,1,1,1
282,3,0,1
283,32,1,1
284,6,1,1
285,1,1,1
286,11,0,1
287,1,1,1
288,3,0,1
289,17,0,1
290,27,0,1
291,13,0,1
292,22,0,1
293,1,1,1
294,24,1,1
295,7,0,1
296,24,1,1
297,17,0,1
298,13,0,1
299,24,1,1
300,32,1,1
301,1,1,1
302,6,1,1
303,19,0,1
304,18,0,1
305,1,1,1
306,1,1,1
307,32,1,1
308,3,0,1
309,32,1,1
310,1,1,0
311,1,1,1
312,16,1,1
313,1,1,1
314,7,0,1
315,24,1,1
316,32,1,1
317,6,1,1
318,3,0,1
319,7,0,1
320,1,1,1
321,32,1,1
322,7,0,1
323,32,1,1
324,7,0,1
325,10,0,1
326,18,0,1
327,1,1,1
328,5,1,1
329,1,1,1
330,3,0,1
331,24,1,1
332,1,1,1
333,5,1,1
334,32,1,1
335,3,0,1
336,1,1,1
337,32,1,1
338,1,1,1
339,5,1,1
340,22,0,1
341,12,1,1
342,1,1,1
343,1,1,1
344,25,0,1
345,32,1,1
346,1,1,1
347,12,1,1
348,24,1,1
349,32,1,1
350,24,1,1
351,7,0,1
352,19,0,1
353,32,1,1
354,1,1,1
355,32,1,1
356,24,1,1
357,17,0,1
358,32,1,1
359,32,1,1
360,6,1,1
361,32,1,1
362,4,0,1
363,25,0,1
364,7,0,1
365,32,1,1
366,32,1,1
367,32,1,1
368,24,1,1
369,11,0,1
370,1,1,1
371,32,1,1
372,24,1,1
373,22,0,1
374,32,1,1
375,1,1,1
376,3,0,1
377,1,1,1
378,1,1,1
379,24,1,1
380,20,1,1
381,32,1,1
382,3,0,1
383,3,0,1
384,3,0,1
385,6,1,1
386,2,0,1
387,6,1,1
388,3,0,1
389,9,1,1
390,28,1,1
391,1,1,1
392,1,1,1
393,1,1,1
394,32,1,1
395,24,1,1
396,32,1,1
397,20,1,1
398,1,1,1
399,32,1,1
400,11,0,1
401,1,1,1
402,3,0,1
403,5,1,1
404,32,1,1
405,1,1,1
406,3,0,1
407,1,1,1
408,18,0,1
409,32,1,1
410,19,0,1
411,5,1,1
412,7,0,1
413,32,1,1
414,6,1,1
415,32,1,1
416,1,1,1
417,1,1,1
418,1,1,1
419,1,1,1
420,1,1,1
421,1,1,1
422,16,1,1
423,32,1,1
424,32,1,1
425,32,1,1
426,5,1,1
427,32,1,1
428,3,0,1
429,0,0,1
430,32,1,1
431,11,0,1
432,32,1,1
433,32,1,1
434,7,0,1
435,1,1,1
436,32,1,1
437,3,0,1
438,1,1,1
439,6,1,1
440,1,1,1
441,6,1,1
442,3,0,1
443,32,1,1
444,9,1,1
445,6,1,1
446,1,1,1
447,32,1,1
448,1,1,1
449,33,0,1
450,16,1,1
451,3,0,1
452,17,0,1
453,32,1,1
454,1,1,1
455,32,1,1
456,1,1,1
457,1,1,1
458,1,1,1
459,32,1,1
460,10,0,1
461,11,0,1
462,11,0,1
463,32,1,1
464,32,1,1
465,24,1,1
466,11,0,1
467,33,0,1
468,1,1,1
469,1,1,1
470,1,1,1
471,9,1,1
472,1,1,1
473,6,1,1
474,32,1,1
475,1,1,1
476,11,0,1
477,1,1,1
478,9,1,1
479,3,0,1
480,25,0,1
481,29,0,1
482,24,1,1
483,1,1,1
484,1,1,1
485,32,1,1
486,1,1,1
487,7,0,1
488,7,0,1
489,9,1,1
490,32,1,1
491,0,0,1
492,32,1,1
493,24,1,1
494,1,1,1
495,1,1,1
496,24,1,1
497,11,0,1
498,11,0,1
499,6,1,1
500,1,1,1
501,1,1,1
502,1,1,1
503,3,0,1
504,6,1,1
505,13,0,1
506,32,1,1
507,3,0,1
508,9,1,1
509,1,1,0
510,32,1,1
511,5,1,1
512,32,1,1
513,32,1,1
514,32,1,1
515,6,1,1
516,1,1,1
517,3,0,1
518,1,1,1
519,7,0,1
520,1,1,1
521,32,1,1
522,24,1,1
523,5,1,1
524,32,1,1
525,32,1,1
526,1,1,1
527,19,0,1
528,33,0,1
529,1,1,1
530,1,1,1
531,7,0,1
532,10,0,1
533,1,1,1
534,3,0,1
535,32,1,1
536,9,1,1
537,32,1,1
538,1,1,1
539,9,1,1
540,24,1,1
541,32,1,1
542,1,1,1
543,32,1,1
544,7,0,1
545,24,1,1
546,1,1,1
547,24,1,1
548,3,0,1
549,32,1,1
550,32,1,1
551,24,1,1
552,24,1,1
553,32,1,1
554,23,0,1
555,25,0,1
556,24,1,1
557,9,1,1
558,5,1,1
559,1,1,1
560,15,0,1
561,4,0,1
562,32,1,1
563,1,1,1
564,3,0,1
565,32,1,1
566,24,1,1
567,32,1,1
568,1,1,1
569,3,0,1
570,6,1,1
571,1,1,1
572,11,0,1
573,11,0,1
574,1,1,1
575,32,1,1
576,7,0,1
577,1,1,0
578,1,1,1
579,19,0,1
580,24,1,1
581,24,1,1
582,32,1,1
583,1,1,1
584,32,1,1
585,33,0,1
586,3,0,1
587,32,1,1
588,15,0,1
589,11,0,1
590,32,1,1
591,3,0,1
592,32,1,1
593,32,1,1
594,32,1,1
595,32,1,1
596,16,1,1
597,11,0,1
598,11,0,1
599,1,1,1
600,32,1,1
601,1,1,1
602,32,1,1
603,1,1,1
604,1,1,1
605,32,1,1
606,22,0,1
607,32,1,1
608,5,1,1
609,4,0,1
610,32,1,1
611,24,1,1
612,32,1,1
613,1,1,1
614,4,0,1
615,1,1,1
616,33,0,1
617,20,1,1
618,1,1,1
619,1,1,1
620,9,1,1
621,3,0,1
622,32,1,1
623,1,1,1
624,1,1,1
625,0,0,1
626,1,1,1
627,24,1,1
628,10,0,1
629,32,1,1
630,14,0,1
631,5,1,1
632,6,1,1
633,11,0,1
634,17,0,1
635,24,1,1
636,5,1,1
637,1,1,1
638,1,1,1
639,7,0,1
640,11,0,1
641,17,0,1
642,1,1,1
643,32,1,1
644,11,0,1
645,1,1,1
646,3,0,1
647,1,1,1
648,7,0,1
649,6,1,1
650,10,0,1
651,24,1,1
652,11,0,1
653,24,1,1
654,3,0,1
655,32,1,1
656,1,1,1
657,1,1,1
658,1,1,1
659,32,1,1
660,3,0,1
661,1,1,1
662,3,0,1
663,12,1,1
664,7,0,1
665,17,0,1
666,1,1,1
667,1,1,1
668,12,1,1
669,32,1,1
670,1,1,1
671,1,1,1
672,1,1,1
673,32,1,1
674,24,1,1
675,7,0,1
676,1,1,1
677,1,1,1
678,32,1,1
679,1,1,1
680,11,0,1
681,32,1,1
682,5,1,1
683,32,1,1
684,3,0,1
685,1,1,1
686,1,1,1
687,11,0,1
688,32,1,1
689,1,1,1
690,1,1,1
691,1,1,1
692,1,1,1
693,1,1,1
694,11,0,1
695,24,1,1
696,31,0,1
697,32,1,1
698,1,1,1
699,17,0,1
700,3,0,1
701,32,1,1
702,1,1,1
703,1,1,1
704,8,0,1
705,3,0,1
706,11,0,1
707,17,0,1
708,24,1,1
709,24,1,1
710,6,1,1
711,32,1,1
712,11,0,1
713,32,1,1
714,33,0,1
715,11,0,1
716,1,1,1
717,3,0,1
718,11,0,1
719,1,1,1
720,1,1,1
721,5,1,1
722,32,1,1
723,1,1,1
724,14,0,1
725,1,1,1
726,1,1,1
727,11,0,1
728,32,1,1
729,1,1,1
730,1,1,1
731,32,1,1
732,9,1,1
733,24,1,1
734,32,1,1
735,11,0,1
736,32,1,1
737,32,1,1
738,32,1,1
739,32,1,1
740,3,0,1
741,1,1,1
742,0,0,1
743,1,1,1
744,1,1,1
745,6,1,1
746,32,1,1
747,5,1,1
748,25,0,1
749,1,1,1
750,3,0,1
751,30,1,1
752,24,1,1
753,32,1,1
754,19,0,1
755,7,0,1
756,5,1,1
757,24,1,1
758,1,1,1
759,3,0,1
760,1,1,1
761,11,0,1
762,34,0,1
763,3,0,1
764,32,1,1
765,32,1,1
766,32,1,1
767,9,1,1
768,11,0,1
769,1,1,1
770,1,1,1
771,1,1,1
772,7,0,1
773,32,1,1
774,3,0,1
775,24,1,1
776,33,0,1
777,1,1,1
778,32,1,1
779,3,0,1
780,3,0,1
781,32,1,1
782,1,1,1
783,32,1,1
784,32,1,1
785,24,1,1
786,24,1,1
787,32,1,1
788,3,0,1
789,5,1,1
790,1,1,1
791,1,1,1
792,1,1,1
793,6,1,1
794,11,0,1
795,5,1,1
796,32,1,1
797,1,1,1
798,11,0,1
799,24,1,1
800,32,1,1
801,24,1,1
802,24,1,1
803,1,1,1
804,16,1,1
805,1,1,1
806,6,1,1
807,1,1,1
808,24,1,1
809,32,1,1
810,9,1,1
811,11,0,1
812,1,1,1
813,1,1,1
814,1,1,1
815,5,1,1
816,24,1,1
817,32,1,1
818,32,1,1
819,24,1,1
820,24,1,1
821,24,1,1
822,32,1,1
823,6,1,1
824,17,0,1
825,1,1,1
826,1,1,1
827,1,1,1
828,32,1,1
829,32,1,1
830,5,1,1
831,6,1,1
832,5,1,1
833,19,0,1
834,3,0,1
835,3,0,1
836,1,1,1
837,32,1,1
838,11,0,1
839,1,1,1
840,3,0,1
841,9,1,1
842,1,1,1
843,12,1,1
844,7,0,1
845,16,1,1
846,5,1,1
847,32,1,1
848,1,1,1
849,10,0,1
850,5,1,1
851,24,1,1
852,11,0,1
853,32,1,1
854,33,0,1
855,1,1,1
856,32,1,1
857,1,1,1
858,5,1,1
859,0,0,1
860,16,1,1
861,32,1,1
862,8,0,1
863,11,0,1
864,32,1,1
865,32,1,1
866,24,1,1
867,15,0,1
868,20,1,1
869,1,1,1
870,1,1,1
871,1,1,1
872,17,0,1
873,24,1,1
874,6,1,1
875,32,1,1
876,24,1,1
877,0,0,1
878,1,1,1
879,32,1,1
880,3,0,1
881,6,1,1
882,3,0,1
883,1,1,1
884,12,1,1
885,7,0,1
886,1,1,1
887,1,1,1
888,24,1,1
889,32,1,1
890,7,0,1
891,32,1,1
892,10,0,1
893,0,0,1
894,24,1,1
895,24,1,1
896,12,1,1
897,1,1,1
898,16,1,1
899,24,1,1
900,32,1,1
901,27,0,1
902,1,1,1
903,1,1,1
904,1,1,1
905,1,1,1
906,24,1,1
907,32,1,1
908,25,0,1
909,1,1,1
910,21,0,1
911,7,0,1
912,26,0,1
913,11,0,1
914,3,0,1
915,1,1,0
916,24,1,1
917,32,1,1
918,5,1,1
919,0,0,1
920,32,1,1
921,7,0,1
922,1,1,1
923,12,1,1
924,32,1,1
925,1,1,1
926,33,0,1
927,24,1,1
928,32,1,1
929,1,1,1
930,32,1,1
931,1,1,1
932,17,0,1
933,32,1,1
934,1,1,1
935,1,1,1
936,3,0,1
937,5,1,1
938,3,0,1
939,32,1,1
940,24,1,1
941,12,1,1
942,24,1,1
943,1,1,1
944,1,1,1
945,32,1,1
946,3,0,1
947,1,1,1
948,32,1,1
949,32,1,1
950,1,1,1
951,32,1,1
952,1,1,1
953,5,1,1
954,11,0,1
955,5,1,1
956,24,1,1
957,3,0,1
958,19,0,1
959,1,1,1
960,3,0,1
961,1,1,1
962,28,1,1
963,5,1,1
964,1,1,1
965,7,0,1
966,32,1,1
967,1,1,1
968,32,1,1
969,24,1,1
970,1,1,1
971,7,0,1
972,1,1,1
973,1,1,1
974,5,1,1
975,3,0,1
976,27,0,1
977,32,1,1
978,32,1,1
979,27,0,1
980,1,1,1
981,24,1,1
982,17,0,1
983,1,1,1
984,3,0,1
985,11,0,1
986,1,1,1
987,1,1,1
988,12,1,1
989,24,1,1
990,32,1,1
991,1,1,1
992,3,0,1
993,1,1,1
994,32,1,1
995,5,1,1
996,11,0,1
997,0,0,1
998,7,0,1
999,1,1,1
