vote,public_key_id,honest,valid
0,11,0,1
1,32,1,1
2,1,1,1
3,1,1,1
4,3,1,1
5,1,1,1
6,33,0,1
7,3,1,1
8,32,1,1
9,1,1,1
10,24,1,1
11,1,1,1
12,32,1,1
13,5,0,1
14,32,1,1
15,5,0,1
16,9,0,1
17,1,1,1
18,1,1,1
19,1,1,1
20,7,1,1
21,15,0,1
22,19,0,1
23,5,0,1
24,1,1,0
25,15,0,1
26,7,1,1
27,12,0,1
28,32,1,1
29,3,1,1
30,3,1,1
31,17,0,1
32,24,1,1
33,24,1,1
34,1,1,1
35,1,1,1
36,1,1,1
37,32,1,1
38,11,0,1
39,24,1,1
40,1,1,1
41,11,0,1
42,32,1,1
43,9,0,1
44,5,0,1
45,32,1,1
46,3,1,1
47,32,1,1
48,24,1,1
49,1,1,1
50,13,0,1
51,1,1,1
52,3,1,1
53,11,0,1
54,11,0,1
55,26,0,1
56,7,1,1
57,16,0,1
58,5,0,1
59,1,1,1
60,32,1,1
61,1,1,1
62,7,1,1
63,3,1,1
64,6,0,1
65,32,1,1
66,1,1,1
67,11,0,1
68,5,0,1
69,32,1,1
70,3,1,1
71,32,1,1
72,32,1,1
73,1,1,1
74,32,1,1
75,32,1,1
76,11,0,1
77,24,1,1
78,28,0,1
79,1,1,1
80,24,1,1
81,5,0,1
82,28,0,1
83,32,1,1
84,0,0,1
85,32,1,1
86,17,0,1
87,3,1,1
88,24,1,1
89,24,1,1
90,32,1,1
91,16,0,1
92,7,1,1
93,1,1,1
94,6,0,1
95,32,1,1
96,32,1,1
97,24,1,1
98,32,1,1
99,3,1,1
100,32,1,1
101,1,1,1
102,32,1,1
103,1,1,1
104,9,0,1
105,11,0,1
106,24,1,1
107,13,0,1
108,35,0,1
109,1,1,1
110,27,0,1
111,25,0,1
112,1,1,1
113,7,1,1
114,5,0,1
115,17,0,1
116,1,1,1
117,22,1,1
118,1,1,1
119,3,1,1
120,11,0,1
121,7,1,1
122,17,0,1
123,3,1,1
124,13,0,1
125,24,1,1
126,1,1,1
127,3,1,1
128,1,1,1
129,8,0,1
130,11,0,1
131,9,0,1
132,32,1,1
133,32,1,1
134,1,1,1
135,3,1,1
136,1,1,1
137,6,0,1
138,1,1,1
139,1,1,1
140,6,0,1
141,11,0,1
142,9,0,1
143,32,1,1
144,24,1,1
145,1,1,1
146,1,1,1
147,1,1,1
148,1,1,1
149,6,0,1
150,24,1,1
151,1,1,1
152,1,1,1
153,0,0,1
154,1,1,1
155,32,1,1
156,1,1,1
157,32,1,1
158,3,1,1
159,0,0,1
160,11,0,1
161,1,1,1
162,19,0,1
163,32,1,1
164,9,0,1
165,32,1,1
166,1,1,1
167,32,1,1
168,24,1,1
169,1,1,0
170,1,1,1
171,24,1,1
172,3,1,1
173,1,1,1
174,1,1,1
175,32,1,1
176,32,1,1
177,3,1,1
178,4,0,1
179,11,0,1
180,1,1,1
181,3,1,1
182,1,1,1
183,6,0,1
184,32,1,1
185,1,1,1
186,1,1,1
187,1,1,1
188,32,1,1
189,9,0,1
190,1,1,1
191,32,1,1
192,32,1,1
193,24,1,1
194,19,0,1
195,32,1,1
196,9,0,1
197,32,1,1
198,1,1,1
199,1,1,1
200,9,0,1
201,1,1,1
202,9,0,1
203,1,1,1
204,10,0,1
205,6,0,1
206,32,1,1
207,7,1,1
208,24,1,1
209,32,1,1
210,32,1,1
211,1,1,1
212,20,0,1
213,1,1,1
214,24,1,1
215,1,1,1
216,1,1,1
217,3,1,1
218,20,0,1
219,6,0,1
220,11,0,1
221,11,0,1
222,1,1,1
223,16,0,1
224,32,1,1
225,32,1,1
226,1,1,1
227,32,1,1
228,32,1,1
229,0,0,1
230,32,1,1
231,1,1,1
232,1,1,1
233,1,1,1
234,24,1,1
235,1,1,1
236,24,1,1
237,24,1,1
238,1,1,1
239,1,1,1
240,1,1,1
241,25,0,1
242,17,0,1
243,9,0,1
244,32,1,1
245,3,1,1
246,24,1,1
247,32,1,1
248,1,1,1
249,17,0,1
250,22,1,1
251,7,1,1
252,7,1,1
253,32,1,1
254,3,1,1
255,24,1,1
256,11,0,1
257,32,1,1
258,1,1,1
259,1,1,1
260,32,1,1
261,32,1,1
262,6,0,1
263,32,1,1
264,32,1,1
265,19,0,1
266,1,1,1
267,24,1,1
268,24,1,1
269,24,1,1
270,10,0,1
271,24,1,1
272,1,1,1
273,18,0,1
274,3,1,1
275,24,1,1
276,32,1,1
277,5,0,1
278,5,0,1
279,32,1,1
280,1,1,1
281,32,1,1
282,32,1,1
283,18,0,1
284,5,0,1
285,3,1,1
286,25,0,1
287,5,0,1
288,1,1,1
289,32,1,1
290,32,1,1
291,1,1,1
292,1,1,1
293,6,0,1
294,9,0,1
295,1,1,1
296,32,1,1
297,3,1,1
298,32,1,1
299,27,0,1
300,19,0,1
301,12,0,1
302,13,0,1
303,32,1,1
304,11,0,1
305,13,0,1
306,11,0,1
307,1,1,1
308,1,1,1
309,9,0,1
310,3,1,1
311,3,1,1
312,32,1,1
313,32,1,1
314,3,1,1
315,24,1,1
316,3,1,1
317,24,1,1
318,32,1,1
319,6,0,1
320,1,1,1
321,16,0,1
322,6,0,1
323,11,0,1
324,32,1,1
325,3,1,1
326,1,1,1
327,32,1,1
328,3,1,1
329,5,0,1
330,1,1,1
331,32,1,1
332,11,0,1
333,24,1,1
334,32,1,1
335,12,0,1
336,1,1,1
337,5,0,1
338,1,1,0
339,1,1,1
340,4,0,1
341,19,0,1
342,17,0,1
343,32,1,1
344,32,1,1
345,1,1,1
346,7,1,1
347,10,0,1
348,12,0,1
349,32,1,1
350,9,0,1
351,32,1,1
352,32,1,1
353,24,1,1
354,9,0,1
355,15,0,1
356,17,0,1
357,32,1,1
358,9,0,1
359,25,0,1
360,1,1,1
361,32,1,1
362,1,1,1
363,7,1,1
364,32,1,1
365,7,1,1
366,6,0,1
367,32,1,1
368,1,1,1
369,32,1,1
370,1,1,1
371,32,1,1
372,3,1,1
373,5,0,1
374,7,1,1
375,1,1,1
376,11,0,1
377,7,1,1
378,1,1,1
379,24,1,1
380,1,1,1
381,5,0,1
382,9,0,1
383,32,1,1
384,11,0,1
385,2,0,1
386,32,1,1
387,32,1,1
388,0,0,1
389,1,1,1
390,10,0,1
391,12,0,1
392,3,1,1
393,11,0,1
394,33,0,1
395,3,1,1
396,5,0,1
397,32,1,1
398,19,0,1
399,1,1,1
400,32,1,1
401,33,0,1
402,32,1,1
403,11,0,1
404,32,1,1
405,32,1,1
406,32,1,1
407,3,1,1
408,3,1,1
409,3,1,1
410,16,0,1
411,24,1,1
412,7,1,1
413,32,1,1
414,1,1,1
415,16,0,1
416,13,0,1
417,1,1,1
418,3,1,1
419,1,1,1
420,1,1,1
421,24,1,1
422,6,0,1
423,32,1,1
424,1,1,1
425,32,1,1
426,1,1,1
427,1,1,1
428,5,0,1
429,1,1,1
430,1,1,1
431,24,1,1
432,1,1,1
433,3,1,1
434,11,0,1
435,7,1,1
436,1,1,1
437,32,1,1
438,1,1,1
439,11,0,1
440,32,1,1
441,3,1,1
442,24,1,1
443,1,1,1
444,1,1,1
445,32,1,1
446,32,1,1
447,32,1,1
448,11,0,1
449,1,1,1
450,17,0,1
451,32,1,1
452,1,1,1
453,5,0,1
454,7,1,1
455,12,0,1
456,1,1,1
457,1,1,1
458,25,0,1
459,1,1,1
460,20,0,1
461,1,1,1
462,3,1,1
463,1,1,0
464,5,0,1
465,1,1,1
466,9,0,1
467,32,1,1
468,5,0,1
469,32,1,1
470,1,1,1
471,6,0,1
472,32,1,1
473,3,1,1
474,7,1,1
475,32,1,1
476,32,1,1
477,1,1,1
478,1,1,1
479,18,0,1
480,32,1,1
481,24,1,1
482,7,1,1
483,1,1,1
484,1,1,1
485,1,1,1
486,11,0,1
487,12,0,1
488,1,1,1
489,29,0,1
490,0,0,1
491,7,1,1
492,32,1,1
493,1,1,1
494,24,1,1
495,32,1,1
496,3,1,1
497,1,1,1
498,1,1,1
499,1,1,1
500,32,1,1
501,32,1,1
502,24,1,1
503,6,0,1
504,3,1,1
505,32,1,1
506,7,1,1
507,16,0,1
508,11,0,1
509,5,0,1
510,33,0,1
511,1,1,1
512,4,0,1
513,1,1,1
514,32,1,1
515,32,1,1
516,1,1,1
517,1,1,1
518,32,1,1
519,3,1,1
520,3,1,1
521,5,0,1
522,4,0,1
523,24,1,1
524,32,1,1
525,11,0,1
526,32,1,1
527,32,1,1
528,1,1,1
529,1,1,1
530,1,1,1
531,1,1,1
532,12,0,1
533,32,1,1
534,1,1,1
535,32,1,1
536,32,1,1
537,3,1,1
538,1,1,1
539,1,1,1
540,11,0,1
541,1,1,1
542,6,0,1
543,1,1,1
544,5,0,1
545,24,1,1
546,5,0,1
547,3,1,1
548,1,1,1
549,15,0,1
550,11,0,1
551,1,1,1
552,1,1,1
553,1,1,1
554,1,1,1
555,11,0,1
556,32,1,1
557,1,1,1
558,10,0,1
559,32,1,1
560,7,1,1
561,24,1,1
562,5,0,1
563,11,0,1
564,5,0,1
565,6,0,1
566,11,0,1
567,3,1,1
568,1,1,1
569,1,1,1
570,24,1,1
571,6,0,1
572,6,0,1
573,1,1,1
574,3,1,1
575,19,0,1
576,32,1,1
577,3,1,1
578,32,1,1
579,1,1,1
580,17,0,1
581,32,1,1
582,17,0,1
583,1,1,1
584,32,1,1
585,1,1,1
586,1,1,1
587,1,1,1
588,1,1,1
589,32,1,1
590,1,1,1
591,1,1,1
592,1,1,1
593,1,1,1
594,32,1,1
595,32,1,1
596,24,1,1
597,11,0,1
598,1,1,1
599,28,0,1
600,32,1,1
601,24,1,1
602,7,1,1
603,5,0,1
604,7,1,1
605,11,0,1
606,1,1,1
607,28,0,1
608,32,1,1
609,22,1,1
610,1,1,1
611,10,0,1
612,1,1,1
613,32,1,1
614,24,1,1
615,6,0,1
616,5,0,1
617,6,0,1
618,6,0,1
619,1,1,1
620,32,1,1
621,14,0,1
622,3,1,1
623,1,1,1
624,11,0,1
625,24,1,1
626,1,1,1
627,24,1,1
628,32,1,1
629,1,1,1
630,1,1,1
631,6,0,1
632,6,0,1
633,5,0,1
634,1,1,1
635,3,1,1
636,32,1,1
637,32,1,1
638,5,0,1
639,17,0,1
640,15,0,1
641,1,1,1
642,10,0,1
643,11,0,1
644,24,1,1
645,32,1,1
646,20,0,1
647,17,0,1
648,32,1,1
649,1,1,1
650,33,0,1
651,32,1,1
652,6,0,1
653,33,0,1
654,19,0,1
655,1,1,1
656,11,0,1
657,5,0,1
658,32,1,1
659,1,1,1
660,16,0,1
661,20,0,1
662,31,0,1
663,1,1,1
664,11,0,1
665,32,1,1
666,3,1,1
667,32,1,1
668,0,0,1
669,0,0,1
670,1,1,1
671,1,1,1
672,24,1,1
673,24,1,1
674,24,1,1
675,11,0,1
676,1,1,0
677,1,1,1
678,3,1,1
679,1,1,1
680,1,1,1
681,32,1,1
682,1,1,1
683,32,1,1
684,22,1,1
685,3,1,1
686,32,1,1
687,6,0,1
688,24,1,1
689,3,1,1
690,8,0,1
691,1,1,1
692,9,0,1
693,32,1,1
694,12,0,1
695,1,1,1
696,24,1,1
697,1,1,1
698,25,0,1
699,1,1,1
700,1,1,1
701,14,0,1
702,3,1,1
703,24,1,1
704,1,1,1
705,1,1,1
706,11,0,1
707,32,1,1
708,32,1,1
709,23,0,1
710,11,0,1
711,1,1,1
712,32,1,1
713,1,1,1
714,24,1,1
715,7,1,1
716,3,1,1
717,24,1,1
718,32,1,1
719,32,1,1
720,11,0,1
721,4,0,1
722,32,1,1
723,32,1,1
724,32,1,1
725,6,0,1
726,1,1,1
727,1,1,1
728,33,0,1
729,32,1,1
730,32,1,1
731,1,1,1
732,32,1,1
733,24,1,1
734,6,0,1
735,11,0,1
736,17,0,1
737,32,1,1
738,5,0,1
739,24,1,1
740,19,0,1
741,1,1,1
742,32,1,1
743,32,1,1
744,32,1,1
745,12,0,1
746,3,1,1
747,25,0,1
748,32,1,1
749,24,1,1
750,1,1,1
751,1,1,1
752,3,1,1
753,32,1,1
754,32,1,1
755,1,1,1
756,3,1,1
757,32,1,1
758,6,0,1
759,1,1,1
760,24,1,1
761,32,1,1
762,1,1,1
763,32,1,1
764,3,1,1
765,24,1,1
766,12,0,1
767,1,1,1
768,1,1,1
769,3,1,1
770,32,1,1
771,24,1,1
772,3,1,1
773,11,0,1
774,1,1,1
775,10,0,1
776,7,1,1
777,11,0,1
778,7,1,1
779,32,1,1
780,11,0,1
781,11,0,1
782,0,0,1
783,3,1,1
784,32,1,1
785,11,0,1
786,17,0,1
787,12,0,1
788,3,1,1
789,17,0,1
790,3,1,1
791,32,1,1
792,24,1,1
793,1,1,1
794,32,1,1
795,19,0,1
796,32,1,1
797,1,1,1
798,24,1,1
799,24,1,1
800,12,0,1
801,15,0,1
802,34,0,1
803,24,1,1
804,32,1,1
805,1,1,1
806,8,0,1
807,32,1,1
808,1,1,1
809,32,1,1
810,1,1,1
811,32,1,1
812,32,1,1
813,1,1,1
814,32,1,1
815,24,1,1
816,7,1,1
817,33,0,1
818,32,1,1
819,1,1,1
820,3,1,1
821,1,1,1
822,7,1,1
823,1,1,1
824,1,1,1
825,1,1,1
826,0,0,1
827,7,1,1
828,16,0,1
829,32,1,1
830,1,1,1
831,1,1,1
832,24,1,1
833,3,1,1
834,24,1,1
835,11,0,1
836,24,1,1
837,24,1,1
838,32,1,1
839,7,1,1
840,20,0,1
841,5,0,1
842,1,1,1
843,32,1,1
844,1,1,1
845,3,1,1
846,1,1,1
847,1,1,1
848,7,1,1
849,3,1,1
850,32,1,1
851,1,1,1
852,1,1,1
853,1,1,1
854,11,0,1
855,6,0,1
856,11,0,1
857,6,0,1
858,1,1,1
859,1,1,1
860,32,1,1
861,7,1,1
862,24,1,1
863,24,1,1
864,24,1,1
865,32,1,1
866,32,1,1
867,1,1,1
868,22,1,1
869,32,1,1
870,3,1,1
871,3,1,1
872,33,0,1
873,3,1,1
874,32,1,1
875,32,1,1
876,5,0,1
877,1,1,1
878,3,1,1
879,32,1,1
880,30,0,1
881,1,1,1
882,7,1,1
883,24,1,1
884,24,1,1
885,24,1,1
886,5,0,1
887,1,1,1
888,3,1,1
889,32,1,1
890,16,0,1
891,6,0,1
892,1,1,1
893,24,1,1
894,5,0,1
895,3,1,1
896,21,0,1
897,32,1,1
898,24,1,1
899,3,1,1
900,1,1,1
901,25,0,1
902,1,1,1
903,33,0,1
904,3,1,1
905,11,0,1
906,5,0,1
907,1,1,1
908,32,1,1
909,32,1,1
910,32,1,1
911,1,1,1
912,27,0,1
913,1,1,1
914,11,0,1
915,32,1,1
916,1,1,1
917,32,1,1
918,32,1,1
919,6,0,1
920,1,1,1
921,6,0,1
922,0,0,1
923,10,0,1
924,26,0,1
925,32,1,1
926,1,1,1
927,16,0,1
928,32,1,1
929,3,1,1
930,32,1,1
931,24,1,1
932,3,1,1
933,3,1,1
934,1,1,1
935,1,1,1
936,1,1,1
937,1,1,1
938,32,1,1
939,3,1,1
940,32,1,1
941,27,0,1
942,24,1,1
943,3,1,1
944,1,1,1
945,32,1,1
946,32,1,1
947,6,0,1
948,1,1,1
949,5,0,1
950,3,1,1
951,24,1,1
952,3,1,1
953,24,1,1
954,0,0,1
955,5,0,1
956,1,1,0
957,1,1,1
958,12,0,1
959,32,1,1
960,1,1,1
961,1,1,1
962,24,1,1
963,1,1,1
964,7,1,1
965,32,1,1
966,24,1,1
967,19,0,1
968,17,0,1
969,32,1,1
970,11,0,1
971,32,1,1
972,32,1,1
973,1,1,1
974,1,1,1
975,7,1,1
976,1,1,1
977,24,1,1
978,1,1,1
979,16,0,1
980,24,1,1
981,1,1,1
982,1,1,1
983,1,1,1
984,1,1,1
985,0,0,1
986,12,0,1
987,17,0,1
988,1,1,1
989,7,1,1
990,27,0,1
991,1,1,1
992,32,1,1
993,7,1,1
994,11,0,1
995,7,1,1
996,1,1,1
997,1,1,1
998,3,1,1
999,7,1,1
