vote,public_key_id,honest,valid
0,6,1,1
1,3,1,1
2,0,1,1
3,6,1,1
4,3,1,1
5,10,0,1
6,0,1,1
7,0,1,1
8,9,0,1
9,8,0,1
10,6,1,1
11,9,0,1
12,13,0,1
13,16,1,1
14,6,1,1
15,9,0,1
16,6,1,1
17,12,1,1
18,8,0,1
19,9,0,1
20,16,1,1
21,12,1,1
22,9,0,1
23,6,1,1
24,6,1,1
25,6,1,1
26,9,0,1
27,0,1,1
28,17,0,1
29,6,1,1
30,6,1,1
31,8,0,1
32,0,1,1
33,2,1,1
34,2,1,1
35,2,1,1
36,9,0,1
37,9,0,1
38,14,1,1
39,8,0,1
40,11,0,1
41,2,1,1
42,0,1,1
43,2,1,1
44,9,0,1
45,6,1,1
46,3,1,1
47,3,1,1
48,10,0,1
49,0,1,1
50,0,1,1
51,9,0,1
52,13,0,1
53,10,0,1
54,0,1,1
55,3,1,1
56,8,0,1
57,9,0,1
58,9,0,1
59,9,0,1
60,16,1,1
61,9,0,1
62,6,1,1
63,13,0,1
64,8,0,1
65,5,0,1
66,8,0,1
67,18,0,1
68,12,1,1
69,9,0,1
70,9,0,1
71,11,0,1
72,6,1,1
73,18,0,1
74,0,1,1
75,0,1,1
76,0,1,1
77,12,1,1
78,6,1,1
79,6,1,1
80,18,0,1
81,9,0,1
82,9,0,1
83,8,0,1
84,13,0,1
85,6,1,1
86,0,1,1
87,3,1,1
88,14,1,1
89,13,0,1
90,0,1,1
91,12,1,1
92,6,1,1
93,0,1,1
94,0,1,1
95,3,1,1
96,0,1,1
97,11,0,1
98,16,1,1
99,6,1,1
100,0,1,1
101,3,1,1
102,0,1,1
103,12,1,1
104,12,1,1
105,6,1,1
106,8,0,1
107,3,1,1
108,15,0,1
109,18,0,1
110,3,1,1
111,6,1,1
112,6,1,1
113,2,1,1
114,8,0,1
115,0,1,1
116,16,1,1
117,6,1,1
118,9,0,1
119,0,1,1
120,9,0,1
121,0,1,1
122,8,0,1
123,13,0,1
124,0,1,1
125,2,1,1
126,3,1,1
127,6,1,1
128,0,1,1
129,9,0,1
130,6,1,1
131,9,0,1
132,9,0,1
133,9,0,1
134,3,1,1
135,2,1,1
136,0,1,1
137,9,0,1
138,6,1,1
139,0,1,1
140,9,0,1
141,16,1,1
142,6,1,1
143,8,0,1
144,6,1,1
145,8,0,1
146,3,1,1
147,14,1,1
148,6,1,1
149,9,0,1
150,16,1,1
151,3,1,1
152,6,1,1
153,6,1,1
154,13,0,1
155,9,0,1
156,0,1,1
157,0,1,1
158,0,1,1
159,9,0,1
160,3,1,1
161,9,0,1
162,2,1,1
163,8,0,1
164,0,1,1
165,6,1,1
166,16,1,1
167,6,1,1
168,8,0,1
169,8,0,1
170,14,1,1
171,6,1,1
172,6,1,1
173,8,0,1
174,9,0,1
175,0,1,1
176,6,1,1
177,2,1,1
178,0,1,1
179,8,0,1
180,16,1,1
181,2,1,1
182,9,0,1
183,16,1,1
184,2,1,1
185,9,0,1
186,0,1,1
187,9,0,1
188,17,0,1
189,16,1,1
190,10,0,1
191,6,1,1
192,8,0,1
193,0,1,1
194,10,0,1
195,8,0,1
196,3,1,1
197,13,0,1
198,8,0,1
199,2,1,1
200,13,0,1
201,2,1,1
202,10,0,1
203,9,0,1
204,16,1,1
205,3,1,1
206,3,1,1
207,9,0,1
208,6,1,1
209,8,0,1
210,6,1,1
211,2,1,1
212,2,1,1
213,0,1,1
214,9,0,1
215,10,0,1
216,13,0,1
217,5,0,1
218,3,1,1
219,9,0,1
220,9,0,1
221,10,0,1
222,6,1,1
223,9,0,1
224,9,0,1
225,8,0,1
226,0,1,1
227,0,1,1
228,2,1,1
229,14,1,1
230,6,1,1
231,8,0,1
232,16,1,1
233,0,1,1
234,6,1,1
235,2,1,1
236,6,1,1
237,17,0,1
238,0,1,1
239,3,1,1
240,10,0,1
241,8,0,1
242,9,0,1
243,9,0,1
244,2,1,1
245,2,1,1
246,8,0,1
247,16,1,1
248,2,1,1
249,0,1,1
250,3,1,1
251,9,0,1
252,9,0,1
253,3,1,1
254,8,0,1
255,3,1,1
256,3,1,1
257,3,1,1
258,0,1,1
259,9,0,1
260,13,0,1
261,0,1,1
262,9,0,1
263,0,1,1
264,0,1,1
265,6,1,1
266,5,0,1
267,0,1,1
268,2,1,1
269,6,1,1
270,3,1,1
271,16,1,1
272,9,0,1
273,9,0,1
274,6,1,1
275,6,1,1
276,10,0,1
277,16,1,1
278,6,1,1
279,6,1,1
280,12,1,1
281,9,0,1
282,0,1,1
283,16,1,1
284,3,1,1
285,9,0,1
286,13,0,1
287,16,1,1
288,2,1,1
289,3,1,1
290,9,0,1
291,6,1,1
292,9,0,1
293,3,1,1
294,3,1,1
295,0,1,1
296,6,1,1
297,8,0,1
298,3,1,1
299,10,0,1
300,6,1,1
301,8,0,1
302,6,1,1
303,6,1,1
304,2,1,1
305,9,0,1
306,3,1,1
307,0,1,1
308,0,1,1
309,6,1,1
310,0,1,1
311,0,1,1
312,0,1,1
313,0,1,1
314,2,1,1
315,3,1,1
316,9,0,1
317,6,1,1
318,0,1,1
319,8,0,1
320,6,1,1
321,0,1,1
322,8,0,1
323,5,0,1
324,0,1,1
325,6,1,1
326,17,0,1
327,14,1,1
328,9,0,1
329,3,1,1
330,2,1,1
331,2,1,1
332,9,0,1
333,6,1,1
334,3,1,1
335,6,1,1
336,2,1,1
337,9,0,1
338,8,0,1
339,6,1,1
340,3,1,1
341,8,0,1
342,6,1,1
343,10,0,1
344,9,0,1
345,16,1,1
346,0,1,1
347,9,0,1
348,5,0,1
349,14,1,1
350,6,1,1
351,15,0,1
352,0,1,1
353,5,0,1
354,9,0,1
355,6,1,1
356,3,1,1
357,18,0,1
358,13,0,1
359,6,1,1
360,10,0,1
361,3,1,1
362,6,1,1
363,6,1,1
364,8,0,1
365,14,1,1
366,16,1,1
367,9,0,1
368,13,0,1
369,2,1,1
370,8,0,1
371,6,1,1
372,3,1,1
373,10,0,1
374,9,0,1
375,0,1,1
376,9,0,1
377,9,0,1
378,3,1,1
379,0,1,1
380,3,1,1
381,3,1,1
382,3,1,1
383,9,0,1
384,9,0,1
385,3,1,1
386,9,0,1
387,13,0,1
388,0,1,1
389,0,1,1
390,3,1,1
391,8,0,1
392,6,1,1
393,0,1,1
394,3,1,1
395,10,0,1
396,6,1,1
397,0,1,1
398,12,1,1
399,2,1,1
400,6,1,1
401,6,1,1
402,12,1,1
403,6,1,1
404,14,1,1
405,13,0,1
406,0,1,1
407,8,0,1
408,6,1,1
409,14,1,1
410,13,0,1
411,16,1,1
412,3,1,1
413,3,1,1
414,6,1,1
415,6,1,1
416,6,1,1
417,6,1,1
418,2,1,1
419,0,1,1
420,6,1,1
421,0,1,1
422,9,0,1
423,15,0,1
424,3,1,1
425,9,0,1
426,3,1,1
427,16,1,1
428,13,0,1
429,9,0,1
430,3,1,1
431,9,0,1
432,0,1,1
433,6,1,1
434,6,1,1
435,16,1,1
436,9,0,1
437,6,1,1
438,2,1,1
439,5,0,1
440,0,1,1
441,3,1,1
442,15,0,1
443,18,0,1
444,2,1,1
445,14,1,1
446,3,1,1
447,3,1,1
448,2,1,1
449,9,0,1
450,0,1,1
451,6,1,1
452,9,0,1
453,6,1,1
454,9,0,1
455,6,1,1
456,6,1,1
457,0,1,1
458,0,1,1
459,2,1,1
460,16,1,1
461,13,0,1
462,2,1,1
463,3,1,1
464,9,0,1
465,17,0,1
466,3,1,1
467,9,0,1
468,9,0,1
469,0,1,1
470,0,1,1
471,6,1,1
472,0,1,1
473,12,1,1
474,0,1,1
475,0,1,1
476,0,1,1
477,0,1,1
478,0,1,1
479,13,0,1
480,2,1,1
481,16,1,1
482,2,1,1
483,11,0,1
484,0,1,1
485,0,1,1
486,12,1,1
487,9,0,1
488,6,1,1
489,3,1,1
490,3,1,1
491,0,1,1
492,10,0,1
493,2,1,1
494,6,1,1
495,8,0,1
496,2,1,1
497,11,0,1
498,6,1,1
499,2,1,1
500,16,1,1
501,2,1,1
502,0,1,1
503,6,1,1
504,14,1,1
505,3,1,1
506,13,0,1
507,3,1,1
508,16,1,1
509,9,0,1
510,0,1,1
511,0,1,1
512,0,1,1
513,3,1,1
514,9,0,1
515,0,1,1
516,3,1,1
517,6,1,1
518,0,1,1
519,9,0,1
520,6,1,1
521,2,1,1
522,12,1,1
523,6,1,1
524,3,1,1
525,0,1,1
526,8,0,1
527,6,1,1
528,9,0,1
529,6,1,1
530,0,1,1
531,2,1,1
532,16,1,1
533,15,0,1
534,8,0,1
535,13,0,1
536,9,0,1
537,2,1,1
538,9,0,1
539,9,0,1
540,9,0,1
541,8,0,1
542,17,0,1
543,9,0,1
544,10,0,1
545,3,1,1
546,6,1,1
547,0,1,1
548,10,0,1
549,0,1,1
550,6,1,1
551,0,1,1
552,10,0,1
553,8,0,1
554,10,0,1
555,8,0,1
556,6,1,1
557,0,1,1
558,6,1,1
559,13,0,1
560,8,0,1
561,6,1,1
562,10,0,1
563,8,0,1
564,6,1,1
565,8,0,1
566,11,0,1
567,6,1,1
568,2,1,1
569,9,0,1
570,6,1,1
571,10,0,1
572,16,1,1
573,0,1,1
574,9,0,1
575,0,1,1
576,6,1,1
577,13,0,1
578,2,1,1
579,13,0,1
580,6,1,1
581,9,0,1
582,14,1,1
583,2,1,1
584,8,0,1
585,10,0,1
586,10,0,1
587,10,0,1
588,0,1,1
589,0,1,1
590,8,0,1
591,2,1,1
592,6,1,1
593,2,1,1
594,2,1,1
595,9,0,1
596,8,0,1
597,17,0,1
598,2,1,1
599,12,1,1
600,6,1,1
601,12,1,1
602,14,1,1
603,9,0,1
604,8,0,1
605,6,1,1
606,13,0,1
607,9,0,1
608,8,0,1
609,0,1,1
610,12,1,1
611,6,1,1
612,9,0,1
613,6,1,1
614,2,1,1
615,0,1,1
616,2,1,1
617,15,0,1
618,6,1,1
619,0,1,1
620,14,1,1
621,0,1,1
622,9,0,1
623,6,1,1
624,6,1,1
625,8,0,1
626,13,0,1
627,0,1,1
628,2,1,1
629,6,1,1
630,14,1,1
631,3,1,1
632,6,1,1
633,9,0,1
634,10,0,1
635,0,1,1
636,5,0,1
637,6,1,1
638,0,1,1
639,6,1,1
640,6,1,1
641,5,0,1
642,8,0,1
643,9,0,1
644,0,1,1
645,6,1,1
646,3,1,1
647,2,1,1
648,2,1,1
649,9,0,1
650,15,0,1
651,8,0,1
652,6,1,1
653,0,1,1
654,13,0,1
655,10,0,1
656,16,1,1
657,6,1,1
658,3,1,1
659,3,1,1
660,8,0,1
661,2,1,1
662,9,0,1
663,2,1,1
664,9,0,1
665,9,0,1
666,9,0,1
667,16,1,1
668,11,0,1
669,10,0,1
670,0,1,1
671,0,1,1
672,0,1,1
673,3,1,1
674,2,1,1
675,8,0,1
676,3,1,1
677,17,0,1
678,10,0,1
679,3,1,1
680,2,1,1
681,2,1,1
682,6,1,1
683,16,1,1
684,2,1,1
685,2,1,1
686,18,0,1
687,0,1,1
688,10,0,1
689,9,0,1
690,14,1,1
691,0,1,1
692,8,0,1
693,0,1,1
694,9,0,1
695,9,0,1
696,9,0,1
697,2,1,1
698,9,0,1
699,0,1,1
700,0,1,1
701,2,1,1
702,6,1,1
703,18,0,1
704,15,0,1
705,10,0,1
706,13,0,1
707,0,1,1
708,3,1,1
709,3,1,1
710,8,0,1
711,3,1,1
712,9,0,1
713,2,1,1
714,0,1,1
715,10,0,1
716,11,0,1
717,10,0,1
718,3,1,1
719,6,1,1
720,2,1,1
721,13,0,1
722,2,1,1
723,16,1,1
724,6,1,1
725,9,0,1
726,0,1,1
727,2,1,1
728,6,1,1
729,9,0,1
730,6,1,1
731,0,1,1
732,9,0,1
733,2,1,1
734,6,1,1
735,13,0,1
736,0,1,1
737,0,1,1
738,2,1,1
739,12,1,1
740,11,0,1
741,9,0,1
742,6,1,1
743,13,0,1
744,0,1,1
745,2,1,1
746,14,1,1
747,10,0,1
748,6,1,1
749,2,1,1
750,13,0,1
751,6,1,1
752,6,1,1
753,9,0,1
754,12,1,1
755,0,1,1
756,2,1,1
757,3,1,1
758,3,1,1
759,9,0,1
760,0,1,1
761,9,0,1
762,2,1,1
763,8,0,1
764,9,0,1
765,16,1,1
766,13,0,1
767,8,0,1
768,9,0,1
769,6,1,1
770,0,1,1
771,3,1,1
772,2,1,1
773,2,1,1
774,3,1,1
775,6,1,1
776,3,1,1
777,9,0,1
778,17,0,1
779,6,1,1
780,6,1,1
781,6,1,1
782,2,1,1
783,15,0,1
784,3,1,1
785,9,0,1
786,0,1,1
787,9,0,1
788,0,1,1
789,6,1,1
790,10,0,1
791,6,1,1
792,18,0,1
793,8,0,1
794,0,1,1
795,0,1,1
796,16,1,1
797,0,1,1
798,13,0,1
799,2,1,1
