vote,public_key_id,honest,valid
0,0,1,1
1,7,1,1
2,6,1,1
3,10,1,1
4,3,1,1
5,13,1,1
6,0,1,1
7,7,1,0
8,4,0,1
9,3,1,1
10,2,0,1
11,10,1,1
12,9,1,1
13,14,1,1
14,10,1,1
15,9,1,1
16,0,1,1
17,1,0,1
18,6,1,1
19,4,0,1
20,1,0,1
21,9,1,1
22,8,0,1
23,0,1,1
24,16,1,1
25,16,1,1
26,10,1,1
27,8,0,1
28,6,1,1
29,2,0,1
30,15,0,1
31,0,1,1
32,0,1,1
33,6,1,1
34,0,1,1
35,11,1,1
36,0,1,1
37,4,0,1
38,18,1,1
39,13,1,1
40,8,0,1
41,14,1,1
42,10,1,1
43,0,1,1
44,4,0,1
45,1,0,1
46,3,1,1
47,1,0,1
48,0,1,1
49,17,1,1
50,9,1,1
51,9,1,1
52,3,1,1
53,6,1,1
54,2,0,1
55,2,0,1
56,2,0,1
57,4,0,1
58,6,1,1
59,0,1,1
60,7,1,1
61,2,0,1
62,6,1,1
63,1,0,1
64,8,0,1
65,4,0,1
66,2,0,1
67,13,1,1
68,15,0,1
69,6,1,1
70,10,1,1
71,19,0,1
72,9,1,1
73,9,1,1
74,6,1,1
75,9,1,1
76,9,1,1
77,4,0,1
78,4,0,1
79,8,0,1
80,14,1,1
81,8,0,1
82,14,1,1
83,7,1,1
84,3,1,1
85,3,1,1
86,2,0,1
87,2,0,1
88,6,1,1
89,10,1,1
90,8,0,1
91,3,1,1
92,3,1,1
93,2,0,1
94,9,1,1
95,13,1,1
96,7,1,1
97,0,1,1
98,13,1,1
99,3,1,1
100,4,0,1
101,6,1,1
102,16,1,1
103,4,0,1
104,6,1,1
105,1,0,1
106,6,1,1
107,12,1,1
108,6,1,1
109,16,1,1
110,12,1,1
111,6,1,1
112,8,0,1
113,0,1,1
114,6,1,1
115,7,1,1
116,9,1,1
117,0,1,1
118,6,1,1
119,4,0,1
120,3,1,1
121,4,0,1
122,6,1,1
123,0,1,1
124,2,0,1
125,13,1,1
126,9,1,1
127,8,0,1
128,6,1,1
129,7,1,1
130,9,1,1
131,3,1,1
132,4,0,1
133,1,0,1
134,2,0,1
135,1,0,1
136,6,1,1
137,9,1,1
138,6,1,1
139,4,0,1
140,16,1,1
141,10,1,1
142,0,1,1
143,13,1,1
144,9,1,1
145,5,1,1
146,15,0,1
147,6,1,1
148,0,1,1
149,0,1,1
150,6,1,1
151,9,1,1
152,9,1,1
153,0,1,1
154,6,1,1
155,3,1,1
156,0,1,1
157,2,0,1
158,0,1,1
159,9,1,1
160,0,1,1
161,3,1,1
162,9,1,1
163,0,1,1
164,9,1,1
165,1,0,1
166,1,0,1
167,9,1,1
168,4,0,1
169,18,1,1
170,5,1,1
171,3,1,1
172,0,1,1
173,4,0,1
174,1,0,1
175,9,1,1
176,2,0,1
177,2,0,1
178,16,1,1
179,9,1,1
180,2,0,1
181,6,1,1
182,0,1,1
183,2,0,1
184,9,1,1
185,4,0,1
186,13,1,1
187,6,1,1
188,6,1,1
189,9,1,1
190,2,0,1
191,3,1,1
192,10,1,1
193,7,1,1
194,0,1,1
195,8,0,1
196,0,1,1
197,1,0,1
198,10,1,1
199,0,1,1
200,1,0,1
201,4,0,1
202,7,1,1
203,6,1,1
204,4,0,1
205,8,0,1
206,6,1,1
207,6,1,1
208,0,1,1
209,6,1,1
210,0,1,1
211,3,1,1
212,9,1,1
213,7,1,1
214,9,1,1
215,7,1,1
216,9,1,1
217,7,1,1
218,9,1,1
219,5,1,1
220,6,1,1
221,7,1,1
222,14,1,1
223,7,1,1
224,12,1,1
225,9,1,1
226,0,1,1
227,0,1,1
228,2,0,1
229,1,0,1
230,3,1,1
231,9,1,1
232,0,1,1
233,3,1,1
234,3,1,1
235,10,1,1
236,3,1,1
237,6,1,1
238,16,1,1
239,2,0,1
240,10,1,1
241,8,0,1
242,2,0,1
243,2,0,1
244,4,0,1
245,7,1,1
246,4,0,1
247,16,1,1
248,9,1,1
249,6,1,1
250,0,1,1
251,12,1,1
252,9,1,1
253,12,1,1
254,0,1,1
255,2,0,1
256,6,1,1
257,9,1,1
258,9,1,1
259,8,0,1
260,6,1,1
261,3,1,1
262,0,1,1
263,2,0,1
264,1,0,1
265,4,0,1
266,2,0,1
267,16,1,1
268,9,1,1
269,0,1,1
270,9,1,1
271,9,1,1
272,15,0,1
273,0,1,1
274,9,1,1
275,2,0,1
276,14,1,1
277,16,1,1
278,6,1,1
279,2,0,1
280,4,0,1
281,6,1,1
282,3,1,1
283,10,1,1
284,2,0,1
285,7,1,1
286,7,1,1
287,0,1,1
288,3,1,1
289,7,1,1
290,4,0,1
291,1,0,1
292,6,1,1
293,8,0,1
294,12,1,1
295,0,1,1
296,1,0,1
297,4,0,1
298,6,1,1
299,7,1,1
300,0,1,1
301,6,1,1
302,10,1,1
303,0,1,1
304,0,1,1
305,3,1,1
306,9,1,1
307,6,1,1
308,2,0,1
309,6,1,1
310,0,1,1
311,1,0,1
312,15,0,1
313,13,1,1
314,4,0,1
315,1,0,1
316,13,1,1
317,9,1,1
318,10,1,1
319,0,1,1
320,8,0,1
321,0,1,1
322,12,1,1
323,7,1,0
324,0,1,1
325,9,1,1
326,2,0,1
327,4,0,1
328,6,1,1
329,6,1,1
330,0,1,1
331,2,0,1
332,9,1,1
333,6,1,1
334,16,1,1
335,1,0,1
336,1,0,1
337,8,0,1
338,6,1,1
339,2,0,1
340,8,0,1
341,1,0,1
342,9,1,1
343,3,1,1
344,0,1,1
345,10,1,1
346,6,1,1
347,9,1,1
348,6,1,1
349,1,0,1
350,12,1,1
351,7,1,1
352,9,1,1
353,4,0,1
354,8,0,1
355,9,1,1
356,2,0,1
357,1,0,1
358,7,1,1
359,1,0,1
360,13,1,1
361,7,1,1
362,0,1,1
363,6,1,1
364,16,1,1
365,6,1,1
366,0,1,1
367,18,1,1
368,11,1,1
369,6,1,1
370,17,1,1
371,6,1,1
372,9,1,1
373,7,1,1
374,9,1,1
375,0,1,1
376,12,1,1
377,1,0,1
378,3,1,1
379,1,0,1
380,6,1,1
381,7,1,1
382,1,0,1
383,16,1,1
384,16,1,1
385,12,1,1
386,4,0,1
387,1,0,1
388,19,0,1
389,7,1,1
390,1,0,1
391,13,1,1
392,17,1,1
393,0,1,1
394,3,1,1
395,16,1,1
396,2,0,1
397,8,0,1
398,6,1,1
399,9,1,1
400,0,1,1
401,8,0,1
402,3,1,1
403,6,1,1
404,4,0,1
405,6,1,1
406,6,1,1
407,4,0,1
408,13,1,1
409,14,1,1
410,1,0,1
411,4,0,1
412,0,1,1
413,9,1,1
414,0,1,1
415,1,0,1
416,2,0,1
417,17,1,1
418,9,1,1
419,19,0,1
420,9,1,1
421,2,0,1
422,2,0,1
423,2,0,1
424,17,1,1
425,2,0,1
426,11,1,1
427,19,0,1
428,6,1,1
429,13,1,1
430,6,1,1
431,2,0,1
432,0,1,1
433,8,0,1
434,6,1,1
435,3,1,1
436,0,1,1
437,16,1,1
438,4,0,1
439,3,1,1
440,3,1,1
441,9,1,1
442,8,0,1
443,9,1,1
444,8,0,1
445,9,1,1
446,1,0,1
447,6,1,1
448,1,0,1
449,9,1,1
450,3,1,1
451,2,0,1
452,4,0,1
453,6,1,1
454,15,0,1
455,8,0,1
456,0,1,1
457,14,1,1
458,4,0,1
459,9,1,1
460,0,1,1
461,0,1,1
462,7,1,1
463,0,1,1
464,9,1,1
465,9,1,1
466,2,0,1
467,6,1,1
468,3,1,1
469,2,0,1
470,4,0,1
471,13,1,1
472,1,0,1
473,8,0,1
474,1,0,1
475,9,1,1
476,6,1,1
477,3,1,1
478,1,0,1
479,18,1,1
480,14,1,1
481,0,1,1
482,9,1,1
483,0,1,1
484,3,1,1
485,1,0,1
486,0,1,1
487,4,0,1
488,8,0,1
489,4,0,1
490,9,1,1
491,9,1,1
492,1,0,1
493,3,1,1
494,13,1,1
495,4,0,1
496,6,1,1
497,9,1,1
498,6,1,1
499,7,1,1
500,6,1,1
501,18,1,1
502,6,1,1
503,2,0,1
504,4,0,1
505,8,0,1
506,9,1,1
507,5,1,1
508,9,1,1
509,6,1,1
510,7,1,1
511,0,1,1
512,8,0,1
513,10,1,1
514,11,1,1
515,6,1,1
516,15,0,1
517,13,1,1
518,4,0,1
519,0,1,1
520,13,1,1
521,8,0,1
522,0,1,1
523,9,1,1
524,18,1,1
525,10,1,1
526,7,1,0
527,9,1,1
528,6,1,1
529,3,1,1
530,6,1,1
531,6,1,1
532,8,0,1
533,16,1,1
534,6,1,1
535,9,1,1
536,1,0,1
537,6,1,1
538,4,0,1
539,0,1,1
540,7,1,1
541,12,1,1
542,0,1,1
543,9,1,1
544,2,0,1
545,9,1,1
546,1,0,1
547,4,0,1
548,4,0,1
549,2,0,1
550,3,1,1
551,3,1,1
552,7,1,1
553,12,1,1
554,9,1,1
555,0,1,1
556,16,1,1
557,0,1,1
558,8,0,1
559,6,1,1
560,6,1,1
561,9,1,1
562,9,1,1
563,4,0,1
564,13,1,1
565,8,0,1
566,2,0,1
567,4,0,1
568,4,0,1
569,14,1,1
570,1,0,1
571,2,0,1
572,12,1,1
573,13,1,1
574,13,1,1
575,10,1,1
576,16,1,1
577,9,1,1
578,6,1,1
579,4,0,1
580,9,1,1
581,3,1,1
582,0,1,1
583,8,0,1
584,8,0,1
585,18,1,1
586,5,1,1
587,3,1,1
588,7,1,1
589,8,0,1
590,0,1,1
591,19,0,1
592,9,1,1
593,16,1,1
594,6,1,1
595,2,0,1
596,2,0,1
597,0,1,1
598,6,1,1
599,0,1,1
600,7,1,1
601,5,1,1
602,8,0,1
603,9,1,1
604,8,0,1
605,13,1,1
606,0,1,1
607,4,0,1
608,4,0,1
609,0,1,1
610,4,0,1
611,9,1,1
612,9,1,1
613,2,0,1
614,0,1,1
615,16,1,1
616,2,0,1
617,2,0,1
618,4,0,1
619,6,1,1
620,3,1,1
621,13,1,1
622,14,1,1
623,6,1,1
624,6,1,1
625,3,1,1
626,4,0,1
627,10,1,1
628,6,1,1
629,4,0,1
630,8,0,1
631,3,1,1
632,2,0,1
633,6,1,1
634,1,0,1
635,8,0,1
636,0,1,1
637,3,1,1
638,16,1,1
639,2,0,1
640,0,1,1
641,19,0,1
642,6,1,1
643,3,1,1
644,3,1,1
645,15,0,1
646,6,1,1
647,4,0,1
648,3,1,1
649,6,1,1
650,3,1,1
651,6,1,1
652,6,1,1
653,4,0,1
654,6,1,1
655,8,0,1
656,9,1,1
657,9,1,1
658,0,1,1
659,2,0,1
660,16,1,1
661,8,0,1
662,6,1,1
663,13,1,1
664,0,1,1
665,13,1,1
666,10,1,1
667,0,1,1
668,6,1,1
669,0,1,1
670,9,1,1
671,6,1,1
672,4,0,1
673,1,0,1
674,0,1,1
675,9,1,1
676,4,0,1
677,0,1,1
678,4,0,1
679,4,0,1
680,6,1,1
681,0,1,1
682,2,0,1
683,9,1,1
684,3,1,1
685,12,1,1
686,0,1,1
687,0,1,1
688,8,0,1
689,0,1,1
690,9,1,1
691,9,1,1
692,9,1,1
693,16,1,1
694,2,0,1
695,2,0,1
696,18,1,1
697,14,1,1
698,3,1,1
699,6,1,1
700,1,0,1
701,5,1,1
702,17,1,1
703,2,0,1
704,3,1,1
705,9,1,1
706,2,0,1
707,9,1,1
708,6,1,1
709,2,0,1
710,0,1,1
711,2,0,1
712,7,1,1
713,0,1,1
714,7,1,1
715,16,1,1
716,3,1,1
717,11,1,1
718,0,1,1
719,10,1,1
720,3,1,1
721,8,0,1
722,3,1,1
723,16,1,1
724,0,1,1
725,2,0,1
726,6,1,1
727,0,1,1
728,7,1,1
729,3,1,1
730,8,0,1
731,6,1,1
732,4,0,1
733,5,1,1
734,6,1,1
735,9,1,1
736,9,1,1
737,6,1,1
738,4,0,1
739,4,0,1
740,18,1,1
741,9,1,1
742,17,1,1
743,10,1,1
744,8,0,1
745,13,1,1
746,17,1,1
747,6,1,1
748,9,1,1
749,2,0,1
750,6,1,1
751,0,1,1
752,6,1,1
753,3,1,1
754,17,1,1
755,0,1,1
756,3,1,1
757,7,1,1
758,3,1,1
759,0,1,1
760,0,1,1
761,8,0,1
762,0,1,1
763,6,1,1
764,9,1,1
765,9,1,1
766,0,1,1
767,2,0,1
768,0,1,1
769,7,1,1
770,7,1,1
771,14,1,1
772,13,1,1
773,9,1,1
774,11,1,1
775,3,1,1
776,8,0,1
777,19,0,1
778,6,1,1
779,7,1,1
780,6,1,1
781,10,1,1
782,9,1,1
783,6,1,1
784,4,0,1
785,7,1,1
786,6,1,1
787,16,1,1
788,8,0,1
789,8,0,1
790,0,1,1
791,1,0,1
792,16,1,1
793,0,1,1
794,3,1,1
795,2,0,1
796,9,1,1
797,12,1,1
798,4,0,1
799,9,1,1
800,7,1,1
801,2,0,1
802,6,1,1
803,9,1,1
804,3,1,1
805,3,1,1
806,0,1,1
807,0,1,1
808,0,1,1
809,1,0,1
810,10,1,1
811,8,0,1
812,3,1,1
813,0,1,1
814,0,1,1
815,6,1,1
816,0,1,1
817,9,1,1
818,7,1,1
819,1,0,1
820,1,0,1
821,13,1,1
822,6,1,1
823,3,1,1
824,6,1,1
825,6,1,1
826,9,1,1
827,8,0,1
828,13,1,1
829,8,0,1
830,16,1,1
831,9,1,1
832,3,1,1
833,3,1,1
834,6,1,1
835,13,1,1
836,13,1,1
837,9,1,1
838,2,0,1
839,7,1,1
840,2,0,1
841,6,1,1
842,1,0,1
843,0,1,1
844,10,1,1
845,3,1,1
846,9,1,1
847,16,1,1
848,6,1,1
849,9,1,1
850,13,1,1
851,16,1,1
852,6,1,1
853,0,1,1
854,0,1,1
855,2,0,1
856,19,0,1
857,4,0,1
858,10,1,1
859,8,0,1
860,1,0,1
861,9,1,1
862,5,1,1
863,8,0,1
864,7,1,1
865,1,0,1
866,6,1,1
867,3,1,1
868,11,1,1
869,4,0,1
870,9,1,1
871,8,0,1
872,0,1,1
873,1,0,1
874,9,1,1
875,10,1,1
876,13,1,1
877,7,1,1
878,14,1,1
879,0,1,1
880,8,0,1
881,0,1,1
882,0,1,1
883,16,1,1
884,8,0,1
885,7,1,0
886,2,0,1
887,7,1,1
888,10,1,1
889,9,1,1
890,10,1,1
891,0,1,1
892,9,1,1
893,3,1,1
894,0,1,1
895,6,1,1
896,14,1,1
897,6,1,1
898,15,0,1
899,12,1,1
900,4,0,1
901,1,0,1
902,0,1,1
903,8,0,1
904,3,1,1
905,16,1,1
906,9,1,1
907,1,0,1
908,6,1,1
909,9,1,1
910,6,1,1
911,8,0,1
912,0,1,1
913,1,0,1
914,3,1,1
915,6,1,1
916,1,0,1
917,6,1,1
918,7,1,1
919,10,1,1
920,3,1,1
921,1,0,1
922,4,0,1
923,16,1,1
924,3,1,1
925,2,0,1
926,3,1,1
927,3,1,1
928,2,0,1
929,0,1,1
930,0,1,1
931,2,0,1
932,9,1,1
933,0,1,1
934,14,1,1
935,10,1,1
936,2,0,1
937,4,0,1
938,12,1,1
939,2,0,1
940,6,1,1
941,8,0,1
942,6,1,1
943,6,1,1
944,4,0,1
945,7,1,1
946,6,1,1
947,10,1,1
948,14,1,1
949,3,1,1
950,9,1,1
951,4,0,1
952,10,1,1
953,1,0,1
954,6,1,1
955,0,1,1
956,9,1,1
957,6,1,1
958,9,1,1
959,0,1,1
960,14,1,1
961,7,1,1
962,10,1,1
963,1,0,1
964,1,0,1
965,16,1,1
966,2,0,1
967,0,1,1
968,8,0,1
969,0,1,1
970,3,1,1
971,2,0,1
972,2,0,1
973,3,1,1
974,6,1,1
975,12,1,1
976,6,1,1
977,4,0,1
978,4,0,1
979,11,1,1
980,0,1,1
981,7,1,1
982,4,0,1
983,13,1,1
984,1,0,1
985,6,1,1
986,4,0,1
987,0,1,1
988,9,1,1
989,6,1,1
990,11,1,1
991,6,1,1
992,6,1,1
993,1,0,1
994,3,1,1
995,9,1,1
996,9,1,1
997,3,1,1
998,6,1,1
999,13,1,1
