vote,public_key_id,honest,valid
0,32,1,1
1,0,1,1
2,23,1,1
3,21,1,1
4,25,1,1
5,24,0,1
6,1,1,1
7,18,0,1
8,0,1,1
9,21,1,1
10,5,1,1
11,39,1,1
12,17,1,1
13,48,1,1
14,6,0,1
15,22,1,1
16,6,0,1
17,22,1,1
18,23,1,1
19,12,1,1
20,32,1,1
21,29,1,1
22,18,0,1
23,14,1,1
24,10,1,1
25,43,1,1
26,23,1,1
27,9,1,1
28,14,1,1
29,4,1,1
30,55,1,1
31,10,1,1
32,7,0,1
33,8,1,1
34,33,0,1
35,62,1,1
36,8,1,1
37,21,1,1
38,23,1,1
39,39,1,1
40,20,1,1
41,48,1,1
42,62,1,1
43,16,1,1
44,29,1,1
45,11,0,1
46,23,1,1
47,21,1,1
48,18,0,1
49,0,1,1
50,12,1,1
51,42,1,1
52,7,0,1
53,8,1,1
54,9,1,1
55,7,0,1
56,37,1,1
57,12,1,1
58,28,1,1
59,21,1,1
60,5,1,1
61,18,0,1
62,21,1,1
63,7,0,1
64,40,1,1
65,37,1,1
66,0,1,1
67,23,1,1
68,40,1,1
69,40,1,1
70,1,1,1
71,33,0,1
72,37,1,1
73,40,1,1
74,59,1,1
75,29,1,1
76,6,0,1
77,11,0,1
78,27,0,1
79,6,0,1
80,61,1,1
81,0,1,1
82,23,1,1
83,0,1,1
84,6,0,1
85,47,1,1
86,18,0,1
87,16,1,1
88,13,1,1
89,21,1,1
90,11,0,1
91,21,1,1
92,23,1,1
93,55,1,1
94,23,1,1
95,0,1,1
96,7,0,1
97,12,1,1
98,27,0,1
99,1,1,1
100,22,1,1
101,10,1,1
102,37,1,1
103,17,1,1
104,18,0,1
105,21,1,1
106,25,1,1
107,28,1,1
108,2,1,1
109,33,0,1
110,16,1,1
111,7,0,1
112,11,0,1
113,1,1,1
114,31,1,1
115,12,1,1
116,10,1,1
117,8,1,1
118,45,1,1
119,14,1,1
120,42,1,1
121,48,1,1
122,11,0,1
123,27,0,1
124,33,0,1
125,15,0,1
126,21,1,1
127,0,1,1
128,10,1,1
129,48,1,1
130,11,0,1
131,7,0,1
132,43,1,1
133,1,1,1
134,14,1,1
135,4,1,1
136,6,0,1
137,29,1,1
138,33,0,1
139,9,1,1
140,43,1,1
141,8,1,1
142,36,0,1
143,7,0,1
144,24,0,1
145,44,1,1
146,9,1,1
147,7,0,1
148,29,1,1
149,46,0,1
150,5,1,1
151,19,0,1
152,15,0,1
153,27,0,1
154,25,1,1
155,55,1,1
156,7,0,1
157,21,1,1
158,13,1,1
159,4,1,1
160,21,1,1
161,21,1,1
162,23,1,1
163,10,1,1
164,2,1,1
165,12,1,1
166,32,1,1
167,7,0,1
168,40,1,1
169,15,0,1
170,41,1,1
171,37,1,1
172,13,1,1
173,1,1,1
174,42,1,1
175,24,0,1
176,3,1,1
177,23,1,1
178,14,1,1
179,56,1,1
180,8,1,1
181,6,0,1
182,27,0,1
183,21,1,1
184,11,0,1
185,1,1,1
186,3,1,1
187,3,1,1
188,4,1,1
189,3,1,1
190,27,0,1
191,6,0,1
192,23,1,1
193,21,1,1
194,44,1,1
195,5,1,1
196,1,1,1
197,12,1,1
198,17,1,1
199,29,1,1
200,7,0,1
201,23,1,1
202,0,1,1
203,38,1,1
204,14,1,1
205,4,1,1
206,25,1,1
207,4,1,1
208,34,1,1
209,20,1,1
210,32,1,1
211,42,1,1
212,58,1,1
213,15,0,1
214,9,1,1
215,23,1,1
216,6,0,1
217,21,1,1
218,4,1,1
219,43,1,1
220,20,1,1
221,1,1,1
222,27,0,1
223,4,1,1
224,42,1,1
225,20,1,1
226,48,1,1
227,40,1,1
228,13,1,1
229,1,1,1
230,16,1,1
231,32,1,1
232,3,1,1
233,12,1,1
234,18,0,1
235,15,0,1
236,11,0,1
237,38,1,1
238,23,1,1
239,13,1,1
240,7,0,1
241,2,1,1
242,6,0,1
243,16,1,1
244,23,1,1
245,21,1,1
246,21,1,1
247,45,1,1
248,14,1,1
249,8,1,1
250,34,1,1
251,20,1,1
252,16,1,1
253,24,0,1
254,13,1,1
255,10,1,1
256,45,1,1
257,20,1,1
258,28,1,1
259,60,1,1
260,28,1,1
261,1,1,1
262,8,1,1
263,3,1,1
264,14,1,1
265,14,1,1
266,48,1,1
267,24,0,1
268,6,0,1
269,21,1,1
270,22,1,1
271,16,1,1
272,21,1,1
273,32,1,1
274,43,1,1
275,24,0,1
276,23,1,1
277,15,0,1
278,45,1,1
279,28,1,1
280,32,1,1
281,48,1,1
282,34,1,1
283,39,1,1
284,15,0,1
285,7,0,1
286,7,0,1
287,13,1,1
288,9,1,1
289,12,1,1
290,23,1,1
291,7,0,1
292,37,1,1
293,1,1,1
294,16,1,1
295,42,1,1
296,28,1,1
297,23,1,1
298,13,1,1
299,54,1,1
300,13,1,1
301,28,1,1
302,26,1,1
303,7,0,1
304,43,1,1
305,40,1,1
306,7,0,1
307,21,1,1
308,43,1,1
309,5,1,1
310,10,1,1
311,24,0,1
312,31,1,1
313,21,1,1
314,7,0,1
315,26,1,1
316,41,1,1
317,30,0,1
318,20,1,1
319,44,1,1
320,9,1,1
321,7,0,1
322,20,1,1
323,9,1,1
324,31,1,1
325,22,1,1
326,50,1,1
327,33,0,1
328,50,1,1
329,22,1,1
330,21,1,1
331,28,1,1
332,6,0,1
333,0,1,1
334,44,1,1
335,18,0,1
336,17,1,1
337,21,1,1
338,21,1,1
339,21,1,1
340,6,0,1
341,0,1,1
342,19,0,1
343,33,0,1
344,10,1,1
345,10,1,1
346,9,1,1
347,11,0,1
348,0,1,1
349,8,1,1
350,29,1,1
351,17,1,1
352,23,1,1
353,29,1,1
354,21,1,1
355,2,1,1
356,21,1,1
357,40,1,1
358,23,1,1
359,44,1,1
360,24,0,1
361,3,1,1
362,49,1,1
363,53,0,1
364,44,1,1
365,28,1,1
366,45,1,1
367,51,1,1
368,4,1,1
369,43,1,1
370,27,0,1
371,21,1,1
372,30,0,1
373,29,1,1
374,10,1,1
375,47,1,1
376,37,1,1
377,28,1,1
378,10,1,1
379,13,1,1
380,4,1,1
381,37,1,1
382,1,1,1
383,14,1,1
384,18,0,1
385,23,1,1
386,15,0,1
387,27,0,1
388,37,1,1
389,9,1,1
390,23,1,1
391,41,1,1
392,37,1,1
393,7,0,1
394,26,1,1
395,1,1,1
396,14,1,1
397,4,1,1
398,2,1,1
399,10,1,1
400,48,1,1
401,20,1,1
402,27,0,1
403,7,0,1
404,18,0,1
405,25,1,1
406,37,1,1
407,3,1,1
408,25,1,1
409,44,1,1
410,4,1,1
411,54,1,1
412,42,1,1
413,45,1,1
414,0,1,1
415,8,1,1
416,42,1,1
417,48,1,1
418,44,1,1
419,23,1,1
420,18,0,1
421,49,1,1
422,28,1,1
423,7,0,1
424,9,1,1
425,0,1,1
426,15,0,1
427,2,1,1
428,33,0,1
429,2,1,1
430,25,1,1
431,13,1,1
432,34,1,1
433,28,1,1
434,32,1,1
435,43,1,1
436,38,1,1
437,21,1,1
438,5,1,1
439,4,1,1
440,5,1,1
441,10,1,1
442,32,1,1
443,10,1,1
444,21,1,1
445,39,1,1
446,5,1,1
447,7,0,1
448,27,0,1
449,10,1,1
450,0,1,1
451,37,1,1
452,7,0,1
453,13,1,1
454,23,1,1
455,45,1,1
456,0,1,1
457,33,0,1
458,37,1,1
459,9,1,1
460,14,1,1
461,7,0,1
462,4,1,1
463,22,1,1
464,6,0,1
465,20,1,1
466,2,1,1
467,7,0,1
468,33,0,1
469,21,1,1
470,32,1,1
471,17,1,1
472,42,1,1
473,39,1,1
474,37,1,1
475,7,0,1
476,39,1,1
477,42,1,1
478,28,1,1
479,15,0,1
480,16,1,1
481,44,1,1
482,28,1,1
483,6,0,1
484,29,1,1
485,27,0,1
486,6,0,1
487,24,0,1
488,24,0,1
489,48,1,1
490,57,1,1
491,16,1,1
492,64,1,1
493,37,1,1
494,22,1,1
495,43,1,1
496,29,1,1
497,0,1,1
498,17,1,1
499,40,1,1
500,49,1,1
501,21,1,1
502,4,1,1
503,45,1,1
504,54,1,1
505,45,1,1
506,24,0,1
507,45,1,1
508,54,1,1
509,49,1,1
510,9,1,1
511,7,0,1
512,17,1,1
513,5,1,1
514,9,1,1
515,21,1,1
516,20,1,1
517,40,1,1
518,8,1,1
519,14,1,1
520,10,1,1
521,62,1,1
522,40,1,1
523,0,1,1
524,17,1,1
525,39,1,1
526,22,1,1
527,14,1,1
528,45,1,1
529,0,1,1
530,39,1,1
531,24,0,1
532,1,1,1
533,5,1,1
534,32,1,1
535,13,1,1
536,2,1,1
537,24,0,1
538,16,1,1
539,34,1,1
540,37,1,1
541,18,0,1
542,49,1,1
543,23,1,1
544,16,1,1
545,1,1,1
546,6,0,1
547,37,1,1
548,24,0,1
549,11,0,1
550,11,0,1
551,6,0,1
552,10,1,1
553,10,1,1
554,6,0,1
555,6,0,1
556,31,1,1
557,8,1,1
558,27,0,1
559,13,1,1
560,28,1,1
561,7,0,1
562,57,1,1
563,12,1,1
564,32,1,1
565,16,1,1
566,29,1,1
567,15,0,1
568,29,1,1
569,21,1,1
570,6,0,1
571,16,1,1
572,14,1,1
573,44,1,1
574,29,1,1
575,7,0,1
576,1,1,1
577,6,0,1
578,42,1,1
579,29,1,1
580,6,0,1
581,48,1,1
582,8,1,1
583,0,1,1
584,12,1,1
585,2,1,1
586,13,1,1
587,5,1,1
588,39,1,1
589,21,1,1
590,44,1,1
591,19,0,1
592,24,0,1
593,30,0,1
594,3,1,1
595,4,1,1
596,33,0,1
597,17,1,1
598,20,1,1
599,45,1,1
600,13,1,1
601,10,1,1
602,41,1,1
603,49,1,1
604,15,0,1
605,13,1,1
606,4,1,1
607,44,1,1
608,0,1,1
609,12,1,1
610,6,0,1
611,21,1,1
612,27,0,1
613,0,1,1
614,12,1,1
615,21,1,1
616,7,0,1
617,17,1,1
618,10,1,1
619,27,0,1
620,0,1,1
621,34,1,1
622,0,1,1
623,45,1,1
624,16,1,1
625,7,0,1
626,32,1,1
627,12,1,1
628,5,1,1
629,23,1,1
630,35,1,1
631,27,0,1
632,14,1,1
633,9,1,1
634,43,1,1
635,2,1,1
636,2,1,1
637,27,0,1
638,7,0,1
639,1,1,1
640,9,1,1
641,4,1,1
642,43,1,1
643,12,1,1
644,5,1,1
645,48,1,1
646,8,1,1
647,4,1,1
648,32,1,1
649,14,1,1
650,2,1,1
651,33,0,1
652,27,0,1
653,13,1,1
654,43,1,1
655,3,1,1
656,25,1,1
657,16,1,1
658,14,1,1
659,25,1,1
660,37,1,1
661,47,1,1
662,33,0,1
663,3,1,1
664,14,1,1
665,21,1,1
666,5,1,1
667,29,1,1
668,0,1,1
669,13,1,1
670,4,1,1
671,19,0,1
672,5,1,1
673,28,1,1
674,43,1,1
675,8,1,1
676,26,1,1
677,3,1,1
678,10,1,1
679,12,1,1
680,1,1,1
681,28,1,1
682,6,0,1
683,20,1,1
684,17,1,1
685,5,1,1
686,49,1,1
687,21,1,1
688,17,1,1
689,10,1,1
690,3,1,1
691,12,1,1
692,44,1,1
693,1,1,1
694,0,1,1
695,7,0,1
696,11,0,1
697,5,1,1
698,32,1,1
699,2,1,1
700,11,0,1
701,42,1,1
702,18,0,1
703,9,1,1
704,21,1,1
705,12,1,1
706,3,1,1
707,28,1,1
708,21,1,1
709,7,0,1
710,14,1,1
711,23,1,1
712,28,1,1
713,10,1,1
714,18,0,1
715,15,0,1
716,32,1,1
717,43,1,1
718,11,0,1
719,13,1,1
720,1,1,1
721,11,0,1
722,25,1,1
723,16,1,1
724,2,1,1
725,42,1,1
726,25,1,1
727,3,1,1
728,10,1,1
729,49,1,1
730,43,1,1
731,21,1,1
732,28,1,1
733,14,1,1
734,33,0,1
735,10,1,1
736,15,0,1
737,0,1,1
738,2,1,1
739,19,0,1
740,21,1,1
741,21,1,1
742,50,1,1
743,42,1,1
744,33,0,1
745,17,1,1
746,5,1,1
747,7,0,1
748,19,0,1
749,7,0,1
750,43,1,1
751,13,1,1
752,17,1,1
753,10,1,1
754,9,1,1
755,14,1,1
756,0,1,1
757,38,1,1
758,20,1,1
759,14,1,1
760,4,1,1
761,44,1,1
762,20,1,1
763,8,1,1
764,39,1,1
765,55,1,1
766,11,0,1
767,4,1,1
768,45,1,1
769,22,1,1
770,16,1,1
771,38,1,1
772,31,1,1
773,41,1,1
774,28,1,1
775,45,1,1
776,24,0,1
777,32,1,1
778,2,1,1
779,4,1,1
780,10,1,1
781,27,0,1
782,45,1,1
783,25,1,1
784,25,1,1
785,4,1,1
786,10,1,1
787,18,0,1
788,17,1,1
789,21,1,1
790,5,1,1
791,6,0,1
792,40,1,1
793,44,1,1
794,17,1,1
795,42,1,1
796,0,1,1
797,10,1,1
798,29,1,1
799,8,1,1
800,3,1,1
801,43,1,1
802,18,0,1
803,43,1,1
804,13,1,1
805,2,1,1
806,7,0,1
807,19,0,1
808,27,0,1
809,8,1,1
810,14,1,1
811,44,1,1
812,8,1,1
813,28,1,1
814,18,0,1
815,20,1,1
816,31,1,1
817,20,1,1
818,17,1,1
819,18,0,1
820,41,1,1
821,4,1,1
822,21,1,1
823,23,1,1
824,24,0,1
825,10,1,1
826,3,1,1
827,42,1,1
828,2,1,1
829,0,1,1
830,17,1,1
831,14,1,1
832,15,0,1
833,37,1,1
834,3,1,1
835,27,0,1
836,14,1,1
837,23,1,1
838,6,0,1
839,47,1,1
840,10,1,1
841,47,1,1
842,14,1,1
843,15,0,1
844,60,1,1
845,10,1,1
846,23,1,1
847,37,1,1
848,13,1,1
849,0,1,1
850,37,1,1
851,25,1,1
852,14,1,1
853,25,1,1
854,31,1,1
855,19,0,1
856,24,0,1
857,0,1,1
858,0,1,1
859,3,1,1
860,0,1,1
861,7,0,1
862,32,1,1
863,0,1,1
864,0,1,1
865,37,1,1
866,16,1,1
867,18,0,1
868,12,1,1
869,11,0,1
870,8,1,1
871,7,0,1
872,43,1,1
873,48,1,1
874,18,0,1
875,1,1,1
876,12,1,1
877,31,1,1
878,8,1,1
879,13,1,1
880,0,1,1
881,18,0,1
882,5,1,1
883,4,1,1
884,27,0,1
885,29,1,1
886,7,0,1
887,33,0,1
888,1,1,1
889,45,1,1
890,58,1,1
891,14,1,1
892,28,1,1
893,23,1,1
894,33,0,1
895,3,1,1
896,33,0,1
897,31,1,1
898,25,1,1
899,7,0,1
900,3,1,1
901,45,1,1
902,10,1,1
903,26,1,1
904,15,0,1
905,3,1,1
906,32,1,1
907,2,1,1
908,2,1,1
909,27,0,1
910,8,1,1
911,23,1,1
912,12,1,1
913,22,1,1
914,43,1,1
915,42,1,1
916,32,1,1
917,13,1,1
918,5,1,1
919,9,1,1
920,26,1,1
921,33,0,1
922,13,1,1
923,10,1,1
924,5,1,1
925,15,0,1
926,32,1,1
927,31,1,1
928,43,1,1
929,0,1,1
930,49,1,1
931,23,1,1
932,13,1,1
933,42,1,1
934,21,1,1
935,44,1,1
936,11,0,1
937,18,0,1
938,32,1,1
939,45,1,1
940,29,1,1
941,40,1,1
942,5,1,1
943,1,1,1
944,32,1,1
945,1,1,1
946,32,1,1
947,29,1,1
948,0,1,1
949,1,1,1
950,13,1,1
951,31,1,1
952,10,1,1
953,1,1,1
954,34,1,1
955,0,1,1
956,16,1,1
957,1,1,1
958,4,1,1
959,28,1,1
960,7,0,1
961,20,1,1
962,25,1,1
963,39,1,1
964,13,1,1
965,10,1,1
966,36,0,1
967,21,1,1
968,40,1,1
969,16,1,1
970,32,1,1
971,21,1,1
972,14,1,1
973,24,0,1
974,2,1,1
975,52,1,1
976,63,1,1
977,17,1,1
978,2,1,1
979,42,1,1
980,3,1,1
981,9,1,1
982,12,1,1
983,23,1,1
984,11,0,1
985,10,1,1
986,2,1,1
987,25,1,1
988,27,0,1
989,33,0,1
990,6,0,1
991,15,0,1
992,11,0,1
993,21,1,1
994,17,1,1
995,48,1,1
996,12,1,1
997,22,1,1
998,44,1,1
999,21,1,1
