vote,public_key_id,honest,valid
0,9,1,1
1,13,1,1
2,4,0,1
3,0,1,1
4,0,1,1
5,3,0,1
6,7,0,1
7,8,0,1
8,1,1,1
9,7,0,1
10,2,1,1
11,1,1,1
12,12,1,1
13,0,1,1
14,9,1,1
15,10,1,1
16,9,1,1
17,6,1,1
18,9,1,1
19,13,1,1
20,7,0,1
21,8,0,1
22,0,1,1
23,2,1,1
24,3,0,1
25,9,1,1
26,3,0,1
27,4,0,1
28,6,1,1
29,6,1,1
30,4,0,1
31,0,1,1
32,7,0,1
33,0,1,1
34,3,0,1
35,6,1,1
36,0,1,1
37,0,1,1
38,6,1,1
39,9,1,1
40,3,0,1
41,6,1,1
42,6,1,1
43,16,1,1
44,10,1,1
45,3,0,1
46,0,1,1
47,6,1,1
48,1,1,1
49,0,1,1
50,8,0,1
51,0,1,1
52,17,1,1
53,0,1,1
54,12,1,1
55,10,1,1
56,1,1,1
57,16,1,1
58,5,1,1
59,3,0,1
60,6,1,1
61,7,0,1
62,9,1,1
63,6,1,1
64,18,1,1
65,7,0,1
66,0,1,1
67,3,0,1
68,3,0,1
69,6,1,1
70,3,0,1
71,3,0,1
72,9,1,1
73,3,0,1
74,0,1,1
75,0,1,1
76,4,0,1
77,10,1,1
78,9,1,1
79,3,0,1
80,3,0,1
81,0,1,1
82,1,1,1
83,8,0,1
84,8,0,1
85,0,1,1
86,6,1,1
87,4,0,1
88,3,0,1
89,6,1,1
90,7,0,1
91,0,1,1
92,8,0,1
93,9,1,1
94,2,1,1
95,6,1,1
96,19,1,1
97,19,1,1
98,8,0,1
99,1,1,1
100,14,0,1
101,13,1,1
102,3,0,1
103,9,1,1
104,8,0,1
105,0,1,1
106,10,1,1
107,1,1,1
108,2,1,1
109,7,0,1
110,6,1,1
111,2,1,1
112,6,1,1
113,9,1,1
114,6,1,1
115,0,1,1
116,3,0,1
117,9,1,1
118,6,1,1
119,9,1,1
120,0,1,1
121,9,1,1
122,8,0,1
123,1,1,1
124,4,0,1
125,4,0,1
126,4,0,1
127,9,1,1
128,0,1,1
129,2,1,1
130,16,1,1
131,1,1,1
132,6,1,1
133,3,0,1
134,13,1,1
135,5,1,1
136,6,1,1
137,3,0,1
138,9,1,1
139,7,0,1
140,6,1,1
141,2,1,1
142,9,1,1
143,6,1,1
144,2,1,1
145,3,0,1
146,7,0,1
147,1,1,1
148,4,0,1
149,3,0,1
150,9,1,1
151,9,1,1
152,1,1,1
153,11,1,1
154,5,1,1
155,6,1,1
156,3,0,1
157,0,1,1
158,4,0,1
159,9,1,1
160,4,0,1
161,13,1,1
162,2,1,1
163,6,1,1
164,4,0,1
165,7,0,1
166,9,1,1
167,0,1,1
168,6,1,1
169,2,1,1
170,3,0,1
171,10,1,1
172,8,0,1
173,13,1,1
174,1,1,1
175,2,1,1
176,1,1,1
177,3,0,1
178,18,1,1
179,16,1,1
180,0,1,0
181,4,0,1
182,13,1,1
183,0,1,1
184,7,0,1
185,2,1,1
186,3,0,1
187,16,1,1
188,10,1,1
189,4,0,1
190,4,0,1
191,2,1,1
192,0,1,1
193,1,1,1
194,9,1,1
195,13,1,1
196,6,1,1
197,10,1,1
198,6,1,1
199,9,1,1
200,14,0,1
201,6,1,1
202,10,1,1
203,4,0,1
204,6,1,1
205,6,1,1
206,6,1,1
207,9,1,1
208,0,1,1
209,9,1,1
210,2,1,1
211,2,1,1
212,3,0,1
213,15,0,1
214,6,1,1
215,14,0,1
216,3,0,1
217,0,1,1
218,15,0,1
219,15,0,1
220,4,0,1
221,3,0,1
222,1,1,1
223,10,1,1
224,9,1,1
225,16,1,1
226,0,1,1
227,9,1,1
228,4,0,1
229,1,1,1
230,4,0,1
231,8,0,1
232,9,1,1
233,9,1,1
234,12,1,1
235,3,0,1
236,3,0,1
237,0,1,1
238,0,1,1
239,9,1,1
240,0,1,1
241,10,1,1
242,6,1,1
243,16,1,1
244,10,1,1
245,8,0,1
246,4,0,1
247,4,0,1
248,16,1,1
249,9,1,1
250,6,1,1
251,2,1,1
252,3,0,1
253,2,1,1
254,7,0,1
255,0,1,1
256,12,1,1
257,1,1,1
258,1,1,1
259,1,1,1
260,9,1,1
261,7,0,1
262,12,1,1
263,0,1,1
264,6,1,1
265,9,1,1
266,9,1,1
267,8,0,1
268,6,1,1
269,2,1,1
270,0,1,1
271,4,0,1
272,16,1,1
273,9,1,1
274,0,1,1
275,9,1,1
276,9,1,1
277,15,0,1
278,0,1,1
279,9,1,1
280,3,0,1
281,16,1,1
282,6,1,1
283,4,0,1
284,6,1,1
285,10,1,1
286,7,0,1
287,0,1,1
288,3,0,1
289,7,0,1
290,4,0,1
291,2,1,1
292,2,1,1
293,7,0,1
294,3,0,1
295,6,1,1
296,8,0,1
297,12,1,1
298,0,1,1
299,1,1,1
300,4,0,1
301,6,1,1
302,0,1,1
303,6,1,1
304,3,0,1
305,10,1,1
306,0,1,1
307,0,1,1
308,9,1,1
309,6,1,1
310,14,0,1
311,6,1,1
312,0,1,1
313,15,0,1
314,13,1,1
315,4,0,1
316,1,1,1
317,13,1,1
318,9,1,1
319,7,0,1
320,10,1,1
321,0,1,1
322,8,0,1
323,3,0,1
324,0,1,1
325,12,1,1
326,0,1,1
327,2,1,1
328,9,1,1
329,3,0,1
330,4,0,1
331,6,1,1
332,6,1,1
333,0,1,1
334,1,1,1
335,9,1,1
336,6,1,1
337,16,1,1
338,8,0,1
339,6,1,1
340,8,0,1
341,2,1,1
342,9,1,1
343,2,1,1
344,0,1,1
345,10,1,1
346,1,1,1
347,6,1,1
348,9,1,1
349,6,1,1
350,7,0,1
351,12,1,1
352,9,1,1
353,4,0,1
354,8,0,1
355,9,1,1
356,13,1,1
357,1,1,1
358,0,1,0
359,6,1,1
360,16,1,1
361,6,1,1
362,9,1,1
363,0,1,1
364,17,1,1
365,0,1,1
366,2,1,1
367,4,0,1
368,9,1,1
369,1,1,1
370,9,1,1
371,9,1,1
372,0,1,1
373,0,1,1
374,9,1,1
375,6,1,1
376,0,1,1
377,3,0,1
378,9,1,1
379,8,0,1
380,9,1,1
381,9,1,1
382,16,1,1
383,4,0,1
384,7,0,1
385,1,1,1
386,9,1,1
387,3,0,1
388,9,1,1
389,17,1,1
390,8,0,1
391,0,1,1
392,8,0,1
393,17,1,1
394,9,1,1
395,16,1,1
396,0,1,1
397,6,1,1
398,16,1,1
399,0,1,1
400,4,0,1
401,9,1,1
402,18,1,1
403,7,0,1
404,18,1,1
405,6,1,1
406,6,1,1
407,4,0,1
408,13,1,1
409,2,1,1
410,6,1,1
411,6,1,1
412,13,1,1
413,2,1,1
414,1,1,1
415,12,1,1
416,6,1,1
417,9,1,1
418,2,1,1
419,6,1,1
420,6,1,1
421,15,0,1
422,7,0,1
423,3,0,1
424,7,0,1
425,9,1,1
426,4,0,1
427,1,1,1
428,8,0,1
429,2,1,1
430,9,1,1
431,6,1,1
432,0,1,1
433,3,0,1
434,3,0,1
435,1,1,1
436,0,1,1
437,4,0,1
438,3,0,1
439,12,1,1
440,0,1,1
441,11,1,1
442,0,1,1
443,2,1,1
444,1,1,1
445,6,1,1
446,3,0,1
447,14,0,1
448,8,0,1
449,13,1,1
450,4,0,1
451,14,0,1
452,3,0,1
453,6,1,1
454,0,1,1
455,2,1,1
456,1,1,0
457,13,1,1
458,3,0,1
459,1,1,1
460,17,1,1
461,6,1,1
462,2,1,1
463,8,0,1
464,6,1,1
465,0,1,1
466,2,1,1
467,14,0,1
468,11,1,1
469,7,0,1
470,2,1,1
471,8,0,1
472,1,1,1
473,4,0,1
474,4,0,1
475,16,1,1
476,7,0,1
477,3,0,1
478,1,1,1
479,0,1,1
480,4,0,1
481,14,0,1
482,4,0,1
483,3,0,1
484,7,0,1
485,6,1,1
486,6,1,1
487,4,0,1
488,4,0,1
489,8,0,1
490,9,1,1
491,5,1,1
492,5,1,1
493,4,0,1
494,16,1,1
495,9,1,1
496,7,0,1
497,8,0,1
498,9,1,1
499,3,0,1
500,2,1,1
501,6,1,1
502,7,0,1
503,14,0,1
504,18,1,1
505,6,1,1
506,2,1,1
507,17,1,1
508,7,0,1
509,4,0,1
510,9,1,1
511,13,1,1
512,6,1,1
513,3,0,1
514,1,1,1
515,18,1,1
516,7,0,1
517,3,0,1
518,16,1,1
519,18,1,1
520,9,1,1
521,0,1,1
522,9,1,1
523,12,1,1
524,0,1,1
525,0,1,1
526,8,0,1
527,0,1,1
528,8,0,1
529,6,1,1
530,13,1,1
531,2,1,1
532,8,0,1
533,6,1,1
534,0,1,1
535,3,0,1
536,1,1,1
537,8,0,1
538,10,1,1
539,4,0,1
540,14,0,1
541,0,1,1
542,8,0,1
543,0,1,1
544,4,0,1
545,9,1,1
546,0,1,1
547,6,1,1
548,7,0,1
549,2,1,1
550,13,1,1
551,0,1,1
552,4,0,1
553,9,1,1
554,11,1,1
555,6,1,1
556,8,0,1
557,8,0,1
558,9,1,1
559,0,1,1
560,12,1,1
561,9,1,1
562,9,1,1
563,12,1,1
564,1,1,1
565,4,0,1
566,10,1,1
567,2,1,1
568,1,1,1
569,11,1,1
570,3,0,1
571,0,1,1
572,0,1,1
573,0,1,1
574,1,1,1
575,2,1,1
576,6,1,1
577,16,1,1
578,9,1,1
579,3,0,1
580,4,0,1
581,6,1,1
582,6,1,1
583,6,1,1
584,6,1,1
585,3,0,1
586,6,1,1
587,9,1,1
588,6,1,1
589,9,1,1
590,2,1,1
591,0,1,1
592,1,1,1
593,6,1,1
594,10,1,1
595,15,0,1
596,4,0,1
597,6,1,1
598,19,1,1
599,2,1,1
600,7,0,1
601,0,1,1
602,0,1,1
603,14,0,1
604,6,1,1
605,3,0,1
606,8,0,1
607,0,1,1
608,1,1,1
609,4,0,1
610,15,0,1
611,10,1,1
612,6,1,1
613,6,1,1
614,16,1,1
615,2,1,1
616,2,1,1
617,18,1,1
618,0,1,1
619,13,1,1
620,7,0,1
621,2,1,1
622,0,1,1
623,9,1,1
624,13,1,1
625,7,0,1
626,6,1,1
627,3,0,1
628,4,0,1
629,18,1,1
630,2,1,1
631,2,1,1
632,0,1,1
633,4,0,1
634,14,0,1
635,8,0,1
636,0,1,1
637,16,1,1
638,9,1,1
639,6,1,1
640,9,1,1
641,6,1,1
642,2,1,1
643,1,1,1
644,0,1,1
645,2,1,1
646,13,1,1
647,17,1,1
648,1,1,1
649,0,1,1
650,0,1,1
651,13,1,1
652,8,0,1
653,9,1,1
654,17,1,1
655,4,0,1
656,16,1,1
657,0,1,1
658,0,1,1
659,4,0,1
660,8,0,1
661,7,0,1
662,13,1,1
663,12,1,1
664,14,0,1
665,3,0,1
666,7,0,1
667,8,0,1
668,6,1,1
669,6,1,1
670,16,1,1
671,4,0,1
672,9,1,1
673,6,1,1
674,4,0,1
675,7,0,1
676,14,0,1
677,6,1,1
678,3,0,1
679,6,1,1
680,16,1,1
681,5,1,1
682,4,0,1
683,6,1,1
684,9,1,1
685,6,1,1
686,9,1,1
687,2,1,1
688,0,1,1
689,13,1,1
690,2,1,1
691,6,1,1
692,0,1,1
693,7,0,1
694,1,1,1
695,9,1,1
696,4,0,1
697,8,0,1
698,9,1,1
699,16,1,1
700,1,1,1
701,2,1,1
702,8,0,1
703,9,1,1
704,6,1,1
705,0,1,1
706,6,1,1
707,10,1,1
708,19,1,1
709,6,1,1
710,6,1,1
711,9,1,1
712,2,1,1
713,2,1,1
714,9,1,1
715,9,1,1
716,16,1,1
717,14,0,1
718,10,1,1
719,13,1,1
720,9,1,1
721,10,1,1
722,7,0,1
723,9,1,1
724,4,0,1
725,4,0,1
726,9,1,1
727,8,0,1
728,0,1,1
729,2,1,1
730,19,1,1
731,1,1,1
732,9,1,1
733,9,1,1
734,5,1,1
735,8,0,1
736,1,1,0
737,7,0,1
738,6,1,1
739,8,0,1
740,2,1,1
741,0,1,1
742,0,1,1
743,2,1,1
744,4,0,1
745,6,1,1
746,0,1,1
747,17,1,1
748,6,1,1
749,4,0,1
750,5,1,1
751,9,1,1
752,13,1,1
753,6,1,1
754,7,0,1
755,8,0,1
756,4,0,1
757,3,0,1
758,0,1,1
759,3,0,1
760,2,1,1
761,0,1,1
762,8,0,1
763,0,1,1
764,6,1,1
765,9,1,1
766,9,1,1
767,0,1,1
768,19,1,1
769,0,1,1
770,1,1,1
771,7,0,1
772,13,1,1
773,9,1,1
774,11,1,1
775,8,0,1
776,1,1,1
777,3,0,1
778,1,1,1
779,6,1,1
780,2,1,1
781,3,0,1
782,6,1,1
783,3,0,1
784,10,1,1
785,9,1,1
786,6,1,1
787,4,0,1
788,6,1,1
789,7,0,1
790,16,1,1
791,8,0,1
792,2,1,1
793,8,0,1
794,0,1,1
795,7,0,1
796,2,1,1
797,16,1,1
798,0,1,1
799,9,1,1
800,3,0,1
801,12,1,1
802,4,0,1
803,9,1,1
804,3,0,1
805,2,1,1
806,6,1,1
807,9,1,1
808,0,1,1
809,0,1,1
810,0,1,1
811,10,1,1
812,8,0,1
813,2,1,1
814,3,0,1
815,2,1,1
816,0,1,1
817,0,1,1
818,6,1,1
819,0,1,1
820,9,1,1
821,2,1,1
822,13,1,1
823,2,1,1
824,7,0,1
825,6,1,1
826,6,1,1
827,7,0,1
828,6,1,1
829,9,1,1
830,8,0,1
831,13,1,1
832,1,1,1
833,8,0,1
834,16,1,1
835,7,0,1
836,9,1,1
837,6,1,1
838,3,0,1
839,2,1,1
840,13,1,1
841,13,1,1
842,9,1,1
843,6,1,1
844,2,1,1
845,0,1,1
846,10,1,1
847,7,0,1
848,3,0,1
849,9,1,1
850,1,1,1
851,16,1,1
852,6,1,1
853,9,1,1
854,13,1,1
855,19,1,1
856,16,1,1
857,0,1,1
858,6,1,1
859,0,1,1
860,4,0,1
861,10,1,1
862,8,0,1
863,9,1,1
864,5,1,1
865,8,0,1
866,7,0,1
867,6,1,1
868,3,0,1
869,1,1,1
870,3,0,1
871,11,1,1
872,4,0,1
873,3,0,1
874,9,1,1
875,8,0,1
876,0,1,1
877,3,0,1
878,9,1,1
879,10,1,1
880,3,0,1
881,13,1,1
882,14,0,1
883,0,1,1
884,8,0,1
885,2,1,1
886,0,1,1
887,3,0,1
888,0,1,1
889,16,1,1
890,7,0,1
891,8,0,1
892,2,1,1
893,10,1,1
894,9,1,1
895,2,1,1
896,10,1,1
897,0,1,1
898,2,1,1
899,9,1,1
900,0,1,1
901,6,1,1
902,6,1,1
903,15,0,1
904,12,1,1
905,1,1,1
906,4,0,1
907,2,1,1
908,0,1,1
909,8,0,1
910,16,1,1
911,9,1,1
912,14,0,1
913,6,1,1
914,9,1,1
915,6,1,1
916,8,0,1
917,0,1,1
918,2,1,1
919,6,1,1
920,7,0,1
921,6,1,1
922,10,1,1
923,2,1,1
924,19,1,1
925,4,0,1
926,16,1,1
927,14,0,1
928,0,1,1
929,2,1,1
930,0,1,1
931,9,1,1
932,0,1,1
933,2,1,1
934,10,1,1
935,2,1,1
936,1,1,1
937,7,0,1
938,4,0,1
939,12,1,1
940,6,1,1
941,8,0,1
942,6,1,1
943,2,1,1
944,6,1,1
945,4,0,1
946,1,1,1
947,6,1,1
948,10,1,1
949,1,1,1
950,9,1,1
951,4,0,1
952,10,1,1
953,2,1,1
954,6,1,1
955,3,0,1
956,0,1,1
957,9,1,1
958,6,1,1
959,9,1,1
960,3,0,1
961,0,1,1
962,10,1,1
963,16,1,1
964,0,1,1
965,8,0,1
966,0,1,1
967,2,1,1
968,3,0,1
969,1,1,1
970,3,0,1
971,1,1,1
972,6,1,1
973,12,1,1
974,1,1,1
975,3,0,1
976,6,1,1
977,4,0,1
978,1,1,1
979,4,0,1
980,1,1,0
981,11,1,1
982,0,1,1
983,4,0,1
984,13,1,1
985,6,1,1
986,4,0,1
987,1,1,1
988,0,1,1
989,9,1,1
990,6,1,1
991,11,1,1
992,6,1,1
993,6,1,1
994,9,1,1
995,9,1,1
996,6,1,1
997,13,1,1
998,3,0,1
999,7,0,1
