vote,public_key_id,honest,valid
0,7,1,1
1,3,1,1
2,48,0,1
3,14,0,1
4,29,1,1
5,14,0,1
6,21,1,1
7,24,1,1
8,48,0,1
9,21,1,1
10,16,1,1
11,59,0,1
12,21,1,1
13,18,1,1
14,55,1,1
15,17,0,1
16,20,0,1
17,29,1,1
18,0,0,1
19,20,0,1
20,43,1,1
21,28,0,1
22,36,0,1
23,14,0,1
24,21,1,1
25,7,1,1
26,25,1,1
27,24,1,1
28,7,1,1
29,5,1,1
30,10,1,1
31,33,0,1
32,27,0,1
33,42,0,1
34,16,1,1
35,6,1,1
36,3,1,1
37,1,1,1
38,27,0,1
39,21,1,1
40,21,1,1
41,39,1,1
42,15,1,1
43,24,1,1
44,24,1,1
45,31,0,1
46,28,0,1
47,12,1,1
48,32,0,1
49,21,1,1
50,17,0,1
51,20,0,1
52,7,1,1
53,1,1,1
54,16,1,1
55,28,0,1
56,5,1,1
57,43,1,1
58,40,1,1
59,10,1,1
60,17,0,1
61,33,0,1
62,48,0,1
63,20,0,1
64,27,0,1
65,21,1,1
66,0,0,1
67,39,1,1
68,37,1,1
69,21,1,1
70,21,1,1
71,55,1,1
72,0,0,1
73,29,1,1
74,48,0,1
75,21,1,1
76,22,0,1
77,10,1,1
78,40,1,1
79,40,1,1
80,37,1,1
81,14,0,1
82,0,0,1
83,44,1,1
84,10,1,1
85,48,0,1
86,12,1,1
87,22,0,1
88,18,1,1
89,54,0,1
90,5,1,1
91,21,1,1
92,17,0,1
93,37,1,1
94,14,0,1
95,10,1,1
96,24,1,1
97,44,1,1
98,17,0,1
99,34,1,1
100,12,1,1
101,16,1,1
102,48,0,1
103,32,0,1
104,25,1,1
105,7,1,1
106,15,1,1
107,21,1,1
108,6,1,1
109,27,0,1
110,14,0,1
111,26,0,1
112,27,0,1
113,7,1,1
114,14,0,1
115,43,1,1
116,10,1,1
117,12,1,1
118,1,1,1
119,43,1,1
120,1,1,1
121,1,1,1
122,29,1,1
123,1,1,1
124,29,1,1
125,21,1,1
126,0,0,1
127,17,0,1
128,25,1,1
129,18,1,1
130,40,1,1
131,29,1,1
132,40,1,1
133,1,1,1
134,0,0,1
135,3,1,1
136,20,0,1
137,32,0,1
138,6,1,1
139,40,1,1
140,7,1,1
141,25,1,1
142,14,0,1
143,33,0,1
144,0,0,1
145,47,1,1
146,5,1,1
147,32,0,1
148,27,0,1
149,12,1,1
150,37,1,1
151,12,1,1
152,21,1,1
153,33,0,1
154,7,1,1
155,12,1,1
156,3,1,1
157,12,1,1
158,27,0,1
159,1,1,1
160,54,0,1
161,3,1,1
162,14,0,1
163,55,1,1
164,0,0,1
165,37,1,1
166,24,1,1
167,18,1,1
168,33,0,1
169,16,1,1
170,21,1,1
171,1,1,1
172,1,1,1
173,19,0,1
174,15,1,1
175,32,0,1
176,32,0,1
177,32,0,1
178,21,1,1
179,44,1,1
180,28,0,1
181,28,0,1
182,15,1,1
183,28,0,1
184,21,1,1
185,44,1,1
186,32,0,1
187,22,0,1
188,29,1,1
189,60,0,1
190,0,0,1
191,48,0,1
192,22,0,1
193,21,1,1
194,44,1,1
195,41,0,1
196,21,1,1
197,28,0,1
198,6,1,1
199,19,0,1
200,34,1,1
201,33,0,1
202,0,0,1
203,21,1,1
204,0,0,1
205,41,0,1
206,14,0,1
207,40,1,1
208,0,0,1
209,21,1,1
210,7,1,1
211,15,1,1
212,6,1,1
213,10,1,1
214,24,1,1
215,24,1,1
216,21,1,1
217,12,1,1
218,27,0,1
219,39,1,1
220,44,1,1
221,17,0,1
222,32,0,1
223,37,1,1
224,32,0,1
225,18,1,1
226,32,0,1
227,43,1,1
228,21,1,1
229,10,1,1
230,26,0,1
231,29,1,1
232,42,0,1
233,17,0,1
234,53,1,1
235,10,1,1
236,7,1,1
237,7,1,1
238,48,0,1
239,22,0,1
240,3,1,1
241,18,1,1
242,43,1,1
243,42,0,1
244,49,1,1
245,16,1,1
246,22,0,1
247,16,1,1
248,50,1,1
249,5,1,1
250,43,1,1
251,33,0,1
252,6,1,1
253,30,0,1
254,15,1,1
255,21,1,1
256,50,1,1
257,43,1,1
258,20,0,1
259,6,1,1
260,16,1,1
261,34,1,1
262,1,1,1
263,26,0,1
264,21,1,1
265,40,1,1
266,1,1,1
267,3,1,1
268,0,0,1
269,18,1,1
270,21,1,1
271,7,1,1
272,10,1,1
273,7,1,1
274,21,1,1
275,21,1,1
276,48,0,1
277,5,1,1
278,63,0,1
279,37,1,1
280,10,1,1
281,37,1,1
282,28,0,1
283,17,0,1
284,37,1,1
285,0,0,1
286,27,0,1
287,33,0,1
288,29,1,1
289,7,1,1
290,42,0,1
291,48,0,1
292,48,0,1
293,39,1,1
294,33,0,1
295,1,1,1
296,7,1,1
297,21,1,1
298,24,1,1
299,37,1,1
300,10,1,1
301,27,0,1
302,44,1,1
303,37,1,1
304,32,0,1
305,26,0,1
306,18,1,1
307,49,1,1
308,28,0,1
309,1,1,1
310,37,1,1
311,25,1,1
312,7,1,1
313,20,0,1
314,5,1,1
315,33,0,1
316,44,1,1
317,39,1,1
318,28,0,1
319,27,0,1
320,42,0,1
321,42,0,1
322,22,0,1
323,10,1,1
324,54,0,1
325,42,0,1
326,32,0,1
327,47,1,1
328,7,1,1
329,15,1,1
330,32,0,1
331,25,1,1
332,18,1,1
333,10,1,1
334,21,1,1
335,10,1,1
336,20,0,1
337,5,1,1
338,28,0,1
339,10,1,1
340,44,1,1
341,28,0,1
342,7,1,1
343,37,1,1
344,21,1,1
345,14,0,1
346,16,1,1
347,39,1,1
348,57,1,1
349,41,0,1
350,30,0,1
351,7,1,1
352,3,1,1
353,43,1,1
354,37,1,1
355,0,0,1
356,34,1,1
357,28,0,1
358,0,0,1
359,29,1,1
360,0,0,1
361,18,1,1
362,27,0,1
363,25,1,1
364,14,0,1
365,21,1,1
366,32,0,1
367,33,0,1
368,42,0,1
369,32,0,1
370,28,0,1
371,41,0,1
372,17,0,1
373,7,1,1
374,44,1,1
375,39,1,1
376,16,1,1
377,33,0,1
378,22,0,1
379,0,0,1
380,33,0,1
381,1,1,1
382,38,0,1
383,21,1,1
384,6,1,1
385,10,1,1
386,0,0,1
387,34,1,1
388,42,0,1
389,0,0,1
390,31,0,1
391,16,1,1
392,14,0,1
393,15,1,1
394,24,1,1
395,21,1,1
396,27,0,1
397,34,1,1
398,37,1,1
399,7,1,1
400,16,1,1
401,10,1,1
402,32,0,1
403,3,1,1
404,50,1,1
405,7,1,1
406,49,1,1
407,27,0,1
408,0,0,1
409,25,1,1
410,7,1,1
411,6,1,1
412,42,0,1
413,20,0,1
414,3,1,1
415,37,1,1
416,3,1,1
417,44,1,1
418,10,1,1
419,15,1,1
420,10,1,1
421,28,0,1
422,29,1,1
423,42,0,1
424,43,1,1
425,16,1,1
426,10,1,1
427,41,0,1
428,1,1,1
429,54,0,1
430,5,1,1
431,21,1,1
432,40,1,1
433,25,1,1
434,6,1,1
435,31,0,1
436,15,1,1
437,19,0,1
438,24,1,1
439,18,1,1
440,1,1,1
441,16,1,1
442,14,0,1
443,16,1,1
444,32,0,1
445,33,0,1
446,12,1,1
447,27,0,1
448,31,0,1
449,7,1,1
450,0,0,1
451,21,1,1
452,42,0,1
453,48,0,1
454,20,0,1
455,3,1,1
456,24,1,1
457,0,0,1
458,27,0,1
459,29,1,1
460,7,1,1
461,18,1,1
462,12,1,1
463,43,1,1
464,1,1,1
465,0,0,1
466,7,1,1
467,18,1,1
468,5,1,1
469,6,1,1
470,15,1,1
471,44,1,1
472,30,0,1
473,7,1,1
474,27,0,1
475,15,1,1
476,19,0,1
477,19,0,1
478,24,1,1
479,7,1,1
480,12,1,1
481,21,1,1
482,21,1,1
483,0,0,1
484,29,1,1
485,7,1,1
486,5,1,1
487,17,0,1
488,20,0,1
489,29,1,1
490,41,0,1
491,28,0,1
492,26,0,1
493,21,1,1
494,19,0,1
495,0,0,1
496,16,1,1
497,43,1,1
498,1,1,1
499,42,0,1
500,10,1,1
501,6,1,1
502,17,0,1
503,21,1,1
504,5,1,1
505,7,1,1
506,28,0,1
507,40,1,1
508,10,1,1
509,32,0,1
510,18,1,1
511,58,0,1
512,17,0,1
513,21,1,1
514,12,1,1
515,22,0,1
516,12,1,1
517,49,1,1
518,32,0,1
519,1,1,1
520,26,0,1
521,12,1,1
522,43,1,1
523,16,1,1
524,6,1,1
525,6,1,1
526,37,1,1
527,33,0,1
528,42,0,1
529,43,1,1
530,1,1,1
531,43,1,1
532,61,0,1
533,29,1,1
534,12,1,1
535,43,1,1
536,60,0,1
537,0,0,1
538,17,0,1
539,7,1,1
540,7,1,1
541,5,1,1
542,10,1,1
543,10,1,1
544,25,1,1
545,6,1,1
546,10,1,1
547,37,1,1
548,5,1,1
549,5,1,1
550,57,1,1
551,12,1,1
552,17,0,1
553,42,0,1
554,21,1,1
555,24,1,1
556,14,0,1
557,22,0,1
558,7,1,1
559,5,1,1
560,5,1,1
561,39,1,1
562,3,1,1
563,38,0,1
564,0,0,1
565,32,0,1
566,32,0,1
567,31,0,1
568,7,1,1
569,24,1,1
570,25,1,1
571,3,1,1
572,47,1,1
573,18,1,1
574,43,1,1
575,0,0,1
576,21,1,1
577,18,1,1
578,49,1,1
579,7,1,1
580,27,0,1
581,21,1,1
582,5,1,1
583,10,1,1
584,6,1,1
585,14,0,1
586,15,1,1
587,29,1,1
588,39,1,1
589,49,1,1
590,31,0,1
591,0,0,1
592,0,0,1
593,6,1,1
594,14,0,1
595,49,1,1
596,17,0,1
597,40,1,1
598,28,0,1
599,12,1,1
600,18,1,1
601,15,1,1
602,3,1,1
603,6,1,1
604,49,1,1
605,44,1,1
606,17,0,1
607,12,1,1
608,29,1,1
609,24,1,1
610,10,1,1
611,12,1,1
612,22,0,1
613,7,1,1
614,0,0,1
615,37,1,1
616,27,0,1
617,31,0,1
618,47,1,1
619,6,1,1
620,6,1,1
621,14,0,1
622,20,0,1
623,3,1,1
624,7,1,1
625,43,1,1
626,7,1,1
627,25,1,1
628,27,0,1
629,6,1,1
630,40,1,1
631,10,1,1
632,47,1,1
633,6,1,1
634,10,1,1
635,14,0,1
636,6,1,1
637,44,1,1
638,25,1,1
639,3,1,1
640,15,1,1
641,20,0,1
642,0,0,1
643,10,1,1
644,19,0,1
645,44,1,1
646,55,1,1
647,20,0,1
648,7,1,1
649,20,0,1
650,14,0,1
651,21,1,1
652,20,0,1
653,22,0,1
654,6,1,1
655,14,0,1
656,14,0,1
657,25,1,1
658,18,1,1
659,37,1,1
660,31,0,1
661,42,0,1
662,16,1,1
663,3,1,1
664,10,1,1
665,28,0,1
666,21,1,1
667,27,0,1
668,20,0,1
669,3,1,1
670,15,1,1
671,17,0,1
672,10,1,1
673,37,1,1
674,6,1,1
675,16,1,1
676,5,1,1
677,28,0,1
678,24,1,1
679,15,1,1
680,20,0,1
681,0,0,1
682,43,1,1
683,37,1,1
684,14,0,1
685,1,1,1
686,19,0,1
687,39,1,1
688,31,0,1
689,0,0,1
690,43,1,1
691,25,1,1
692,17,0,1
693,44,1,1
694,1,1,1
695,7,1,1
696,25,1,1
697,21,1,1
698,21,1,1
699,28,0,1
700,14,0,1
701,31,0,1
702,1,1,1
703,3,1,1
704,48,0,1
705,32,0,1
706,29,1,1
707,1,1,1
708,34,1,1
709,0,0,1
710,14,0,1
711,7,1,1
712,14,0,1
713,33,0,1
714,10,1,1
715,24,1,1
716,1,1,1
717,33,0,1
718,3,1,1
719,38,0,1
720,58,0,1
721,28,0,1
722,39,1,1
723,7,1,1
724,29,1,1
725,3,1,1
726,27,0,1
727,44,1,1
728,31,0,1
729,21,1,1
730,25,1,1
731,49,1,1
732,16,1,1
733,52,1,1
734,12,1,1
735,42,0,1
736,33,0,1
737,12,1,1
738,42,0,1
739,21,1,1
740,1,1,1
741,18,1,1
742,6,1,1
743,48,0,1
744,0,0,1
745,1,1,1
746,32,0,1
747,15,1,1
748,40,1,1
749,42,0,1
750,10,1,1
751,10,1,1
752,14,0,1
753,29,1,1
754,17,0,1
755,24,1,1
756,14,0,1
757,14,0,1
758,3,1,1
759,5,1,1
760,27,0,1
761,33,0,1
762,27,0,1
763,0,0,1
764,7,1,1
765,5,1,1
766,38,0,1
767,5,1,1
768,0,0,1
769,15,1,1
770,16,1,1
771,17,0,1
772,33,0,1
773,5,1,1
774,0,0,1
775,18,1,1
776,6,1,1
777,10,1,1
778,21,1,1
779,36,0,1
780,28,0,1
781,56,0,1
782,14,0,1
783,43,1,1
784,28,0,1
785,12,1,1
786,18,1,1
787,32,0,1
788,44,1,1
789,18,1,1
790,38,0,1
791,7,1,1
792,40,1,1
793,10,1,1
794,43,1,1
795,25,1,1
796,6,1,1
