vote,public_key_id,honest,valid
0,47,0,1
1,24,1,1
2,47,0,1
3,23,0,1
4,4,1,1
5,10,1,1
6,48,1,1
7,12,1,1
8,12,1,1
9,7,1,1
10,11,0,1
11,14,1,1
12,8,1,1
13,21,0,1
14,27,0,1
15,6,1,1
16,38,1,1
17,11,0,1
18,0,1,1
19,7,1,1
20,20,0,1
21,10,1,1
22,32,0,1
23,13,0,1
24,10,1,1
25,40,1,1
26,14,1,1
27,22,1,1
28,37,1,1
29,1,1,1
30,23,0,1
31,9,0,1
32,24,1,1
33,24,1,1
34,7,1,1
35,4,1,1
36,13,0,1
37,7,1,1
38,13,0,1
39,12,1,1
40,59,1,1
41,25,1,1
42,37,1,1
43,46,0,1
44,48,1,1
45,0,1,1
46,11,0,1
47,4,1,1
48,27,0,1
49,21,0,1
50,23,0,1
51,1,1,1
52,14,1,1
53,11,0,1
54,23,0,1
55,21,0,1
56,45,1,1
57,6,1,1
58,41,1,1
59,62,0,1
60,18,1,1
61,28,1,1
62,25,1,1
63,48,1,1
64,11,0,1
65,1,1,1
66,29,1,1
67,44,0,1
68,0,1,1
69,1,1,1
70,37,1,1
71,40,1,1
72,9,0,1
73,1,1,1
74,12,1,1
75,8,1,1
76,25,1,1
77,29,1,1
78,21,0,1
79,40,1,1
80,21,0,1
81,14,1,1
82,0,1,1
83,20,0,1
84,13,0,1
85,10,1,1
86,18,1,1
87,40,1,1
88,8,1,1
89,7,1,1
90,29,1,1
91,23,0,1
92,48,1,1
93,4,1,1
94,7,1,1
95,8,1,1
96,27,0,1
97,24,1,1
98,21,0,1
99,22,1,1
100,24,1,1
101,14,1,1
102,40,1,1
103,21,0,1
104,23,0,1
105,14,1,1
106,12,1,1
107,23,0,1
108,12,1,1
109,19,0,1
110,23,0,1
111,1,1,1
112,44,0,1
113,29,1,1
114,37,1,1
115,47,0,1
116,21,0,1
117,0,1,1
118,1,1,1
119,0,1,1
120,6,1,1
121,27,0,1
122,44,0,1
123,31,0,1
124,27,0,1
125,32,0,1
126,22,1,1
127,37,1,1
128,21,0,1
129,9,0,1
130,44,0,1
131,29,1,1
132,24,1,1
133,27,0,1
134,32,0,1
135,13,0,1
136,8,1,1
137,7,1,1
138,12,1,1
139,40,1,1
140,8,1,1
141,25,1,1
142,4,1,1
143,11,0,1
144,11,0,1
145,38,1,1
146,1,1,1
147,48,1,1
148,12,1,1
149,28,1,1
150,29,1,1
151,23,0,1
152,1,1,1
153,4,1,1
154,21,0,1
155,42,0,1
156,23,0,1
157,58,1,1
158,18,1,1
159,13,0,1
160,21,0,1
161,20,0,1
162,13,0,1
163,0,1,1
164,4,1,1
165,0,1,1
166,11,0,1
167,0,1,1
168,9,0,1
169,18,1,1
170,21,0,1
171,32,0,1
172,27,0,1
173,10,1,1
174,20,0,1
175,4,1,1
176,20,0,1
177,7,1,1
178,1,1,1
179,10,1,1
180,7,1,1
181,29,1,1
182,9,0,1
183,35,0,1
184,7,1,1
185,18,1,1
186,22,1,1
187,40,1,1
188,1,1,1
189,21,0,1
190,21,0,1
191,28,1,1
192,28,1,1
193,48,1,1
194,42,0,1
195,18,1,1
196,8,1,1
197,22,1,1
198,28,1,1
199,26,1,1
200,45,1,1
201,60,1,1
202,19,0,1
203,32,0,1
204,32,0,1
205,7,1,1
206,28,1,1
207,14,1,1
208,6,1,1
209,6,1,1
210,13,0,1
211,26,1,1
212,21,0,1
213,37,1,1
214,1,1,1
215,23,0,1
216,9,0,1
217,45,1,1
218,8,1,1
219,21,0,1
220,21,0,1
221,6,1,1
222,10,1,1
223,27,0,1
224,51,0,1
225,10,1,1
226,28,1,1
227,0,1,1
228,24,1,1
229,14,1,1
230,13,0,1
231,22,1,1
232,29,1,1
233,14,1,1
234,42,0,1
235,8,1,1
236,0,1,1
237,6,1,1
238,32,0,1
239,30,0,1
240,10,1,1
241,18,1,1
242,40,1,1
243,45,1,1
244,32,0,1
245,7,1,1
246,28,1,1
247,45,1,1
248,32,0,1
249,7,1,1
250,10,1,1
251,28,1,1
252,9,0,1
253,32,0,1
254,12,1,1
255,50,1,1
256,24,1,1
257,0,1,1
258,41,1,1
259,4,1,1
260,55,0,1
261,21,0,1
262,20,0,1
263,9,0,1
264,32,0,1
265,48,1,1
266,36,1,1
267,50,1,1
268,11,0,1
269,54,1,1
270,37,1,1
271,37,1,1
272,21,0,1
273,21,0,1
274,4,1,1
275,27,0,1
276,38,1,1
277,37,1,1
278,9,0,1
279,48,1,1
280,44,0,1
281,4,1,1
282,0,1,1
283,45,1,1
284,52,0,1
285,10,1,1
286,18,1,1
287,7,1,1
288,10,1,1
289,29,1,1
290,20,0,1
291,25,1,1
292,37,1,1
293,37,1,1
294,57,1,1
295,28,1,1
296,4,1,1
297,32,0,1
298,9,0,1
299,54,1,1
300,13,0,1
301,27,0,1
302,44,0,1
303,14,1,1
304,30,0,1
305,0,1,1
306,44,0,1
307,48,1,1
308,4,1,1
309,22,1,1
310,18,1,1
311,10,1,1
312,9,0,1
313,14,1,1
314,28,1,1
315,7,1,1
316,42,0,1
317,13,0,1
318,8,1,1
319,41,1,1
320,21,0,1
321,20,0,1
322,42,0,1
323,24,1,1
324,42,0,1
325,48,1,1
326,10,1,1
327,21,0,1
328,29,1,1
329,1,1,1
330,32,0,1
331,55,0,1
332,10,1,1
333,4,1,1
334,45,1,1
335,21,0,1
336,7,1,1
337,7,1,1
338,32,0,1
339,18,1,1
340,0,1,1
341,1,1,1
342,9,0,1
343,37,1,1
344,37,1,1
345,21,0,1
346,10,1,1
347,13,0,1
348,14,1,1
349,25,1,1
350,28,1,1
351,42,0,1
352,7,1,1
353,0,1,1
354,7,1,1
355,25,1,1
356,27,0,1
357,27,0,1
358,28,1,1
359,44,0,1
360,28,1,1
361,23,0,1
362,23,0,1
363,26,1,1
364,37,1,1
365,13,0,1
366,13,0,1
367,42,0,1
368,29,1,1
369,40,1,1
370,12,1,1
371,21,0,1
372,24,1,1
373,7,1,1
374,6,1,1
375,14,1,1
376,45,1,1
377,6,1,1
378,24,1,1
379,14,1,1
380,7,1,1
381,32,0,1
382,7,1,1
383,37,1,1
384,10,1,1
385,42,0,1
386,48,1,1
387,42,0,1
388,28,1,1
389,10,1,1
390,54,1,1
391,20,0,1
392,45,1,1
393,40,1,1
394,13,0,1
395,26,1,1
396,7,1,1
397,11,0,1
398,12,1,1
399,6,1,1
400,7,1,1
401,0,1,1
402,20,0,1
403,7,1,1
404,0,1,1
405,27,0,1
406,10,1,1
407,42,0,1
408,1,1,1
409,9,0,1
410,23,0,1
411,11,0,1
412,21,0,1
413,23,0,1
414,42,0,1
415,23,0,1
416,45,1,1
417,0,1,1
418,13,0,1
419,7,1,1
420,23,0,1
421,28,1,1
422,21,0,1
423,23,0,1
424,7,1,1
425,42,0,1
426,61,0,1
427,27,0,1
428,9,0,1
429,24,1,1
430,10,1,1
431,25,1,1
432,7,1,1
433,4,1,1
434,21,0,1
435,11,0,1
436,50,1,1
437,7,1,1
438,18,1,1
439,1,1,1
440,14,1,1
441,31,0,1
442,30,0,1
443,10,1,1
444,8,1,1
445,28,1,1
446,11,0,1
447,0,1,1
448,1,1,1
449,11,0,1
450,12,1,1
451,0,1,1
452,28,1,1
453,24,1,1
454,18,1,1
455,10,1,1
456,21,0,1
457,21,0,1
458,19,0,1
459,27,0,1
460,9,0,1
461,0,1,1
462,7,1,1
463,20,0,1
464,10,1,1
465,44,0,1
466,0,1,1
467,29,1,1
468,0,1,1
469,6,1,1
470,1,1,1
471,29,1,1
472,24,1,1
473,42,0,1
474,31,0,1
475,6,1,1
476,10,1,1
477,37,1,1
478,9,0,1
479,27,0,1
480,25,1,1
481,10,1,1
482,45,1,1
483,23,0,1
484,21,0,1
485,6,1,1
486,18,1,1
487,7,1,1
488,54,1,1
489,18,1,1
490,45,1,1
491,44,0,1
492,29,1,1
493,7,1,1
494,10,1,1
495,4,1,1
496,18,1,1
497,32,0,1
498,8,1,1
499,0,1,1
500,1,1,1
501,6,1,1
502,12,1,1
503,12,1,1
504,25,1,1
505,19,0,1
506,45,1,1
507,6,1,1
508,28,1,1
509,11,0,1
510,19,0,1
511,36,1,1
512,1,1,1
513,32,0,1
514,31,0,1
515,0,1,1
516,48,1,1
517,32,0,1
518,6,1,1
519,18,1,1
520,42,0,1
521,14,1,1
522,4,1,1
523,29,1,1
524,0,1,1
525,14,1,1
526,32,0,1
527,24,1,1
528,7,1,1
529,4,1,1
530,22,1,1
531,41,1,1
532,8,1,1
533,32,0,1
534,6,1,1
535,7,1,1
536,57,1,1
537,14,1,1
538,12,1,1
539,13,0,1
540,23,0,1
541,14,1,1
542,13,0,1
543,29,1,1
544,25,1,1
545,32,0,1
546,13,0,1
547,6,1,1
548,21,0,1
549,1,1,1
550,38,1,1
551,37,1,1
552,27,0,1
553,19,0,1
554,55,0,1
555,14,1,1
556,23,0,1
557,32,0,1
558,4,1,1
559,40,1,1
560,31,0,1
561,37,1,1
562,14,1,1
563,21,0,1
564,31,0,1
565,7,1,1
566,12,1,1
567,10,1,1
568,4,1,1
569,14,1,1
570,8,1,1
571,13,0,1
572,27,0,1
573,12,1,1
574,13,0,1
575,12,1,1
576,22,1,1
577,18,1,1
578,8,1,1
579,21,0,1
580,0,1,1
581,28,1,1
582,4,1,1
583,21,0,1
584,9,0,1
585,10,1,1
586,62,0,1
587,4,1,1
588,7,1,1
589,24,1,1
590,21,0,1
591,47,0,1
592,25,1,1
593,10,1,1
594,14,1,1
595,45,1,1
596,6,1,1
597,19,0,1
598,20,0,1
599,11,0,1
600,10,1,1
601,14,1,1
602,0,1,1
603,23,0,1
604,23,0,1
605,8,1,1
606,8,1,1
607,7,1,1
608,42,0,1
609,0,1,1
610,6,1,1
611,27,0,1
612,14,1,1
613,41,1,1
614,23,0,1
615,6,1,1
616,11,0,1
617,13,0,1
618,28,1,1
619,12,1,1
620,10,1,1
621,37,1,1
622,37,1,1
623,7,1,1
624,0,1,1
625,8,1,1
626,24,1,1
627,45,1,1
628,31,0,1
629,31,0,1
630,18,1,1
631,45,1,1
632,28,1,1
633,21,0,1
634,6,1,1
635,0,1,1
636,47,0,1
637,0,1,1
638,6,1,1
639,23,0,1
640,21,0,1
641,0,1,1
642,21,0,1
643,20,0,1
644,44,0,1
645,10,1,1
646,27,0,1
647,21,0,1
648,0,1,1
649,0,1,1
650,21,0,1
651,44,0,1
652,21,0,1
653,22,1,1
654,9,0,1
655,25,1,1
656,23,0,1
657,8,1,1
658,20,0,1
659,48,1,1
660,6,1,1
661,14,1,1
662,4,1,1
663,27,0,1
664,7,1,1
665,8,1,1
666,20,0,1
667,1,1,1
668,14,1,1
669,20,0,1
670,37,1,1
671,8,1,1
672,9,0,1
673,13,0,1
674,40,1,1
675,20,0,1
676,37,1,1
677,25,1,1
678,20,0,1
679,6,1,1
680,60,1,1
681,23,0,1
682,44,0,1
683,29,1,1
684,14,1,1
685,38,1,1
686,4,1,1
687,21,0,1
688,41,1,1
689,12,1,1
690,19,0,1
691,4,1,1
692,31,0,1
693,25,1,1
694,0,1,1
695,10,1,1
696,23,0,1
697,21,0,1
698,44,0,1
699,0,1,1
700,10,1,1
701,21,0,1
702,18,1,1
703,1,1,1
704,26,1,1
705,45,1,1
706,9,0,1
707,44,0,1
708,45,1,1
709,7,1,1
710,6,1,1
711,12,1,1
712,10,1,1
713,45,1,1
714,31,0,1
715,1,1,1
716,44,0,1
717,24,1,1
718,29,1,1
719,8,1,1
720,23,0,1
721,27,0,1
722,42,0,1
723,32,0,1
724,55,0,1
725,21,0,1
726,25,1,1
727,7,1,1
728,0,1,1
729,23,0,1
730,28,1,1
731,24,1,1
732,40,1,1
733,13,0,1
734,7,1,1
735,23,0,1
736,27,0,1
737,12,1,1
738,13,0,1
739,0,1,1
740,14,1,1
741,31,0,1
742,22,1,1
743,48,1,1
744,4,1,1
745,11,0,1
746,23,0,1
747,13,0,1
748,1,1,1
749,29,1,1
750,21,0,1
751,7,1,1
752,6,1,1
753,23,0,1
754,42,0,1
755,26,1,1
756,21,0,1
757,10,1,1
758,25,1,1
759,1,1,1
760,22,1,1
761,1,1,1
762,18,1,1
763,40,1,1
764,11,0,1
765,10,1,1
766,27,0,1
767,18,1,1
768,12,1,1
769,21,0,1
770,32,0,1
771,25,1,1
772,1,1,1
773,21,0,1
774,56,0,1
775,23,0,1
776,13,0,1
777,13,0,1
778,32,0,1
779,44,0,1
780,23,0,1
781,7,1,1
782,11,0,1
783,4,1,1
784,13,0,1
785,29,1,1
786,14,1,1
787,21,0,1
788,6,1,1
789,42,0,1
790,44,0,1
791,28,1,1
792,62,0,1
793,21,0,1
794,58,1,1
795,10,1,1
796,18,1,1
