vote,public_key_id,honest,valid
0,48,1,1
1,40,1,1
2,43,0,1
3,25,1,1
4,37,0,1
5,11,0,1
6,8,1,1
7,32,0,1
8,2,1,1
9,44,1,1
10,17,1,1
11,11,0,1
12,0,1,1
13,12,1,1
14,4,1,1
15,16,1,1
16,12,1,1
17,9,0,1
18,16,1,1
19,54,0,1
20,59,1,1
21,7,0,1
22,4,1,1
23,20,1,1
24,18,0,1
25,37,0,1
26,37,0,1
27,18,0,1
28,27,1,1
29,11,0,1
30,9,0,1
31,48,1,1
32,4,1,1
33,28,0,1
34,29,1,1
35,7,0,1
36,10,1,1
37,48,1,1
38,12,1,1
39,27,1,1
40,0,1,1
41,7,0,1
42,37,0,1
43,10,1,1
44,5,1,1
45,15,1,1
46,32,0,1
47,7,0,1
48,37,0,1
49,12,1,1
50,40,1,1
51,8,1,1
52,10,1,1
53,24,0,1
54,7,0,1
55,45,0,1
56,7,0,1
57,7,0,1
58,7,0,1
59,43,0,1
60,33,1,1
61,11,0,1
62,33,1,1
63,27,1,1
64,29,1,1
65,43,0,1
66,7,0,1
67,13,1,1
68,7,0,1
69,2,1,1
70,0,1,1
71,22,0,1
72,12,1,1
73,10,1,1
74,13,1,1
75,14,1,1
76,24,0,1
77,27,1,1
78,29,1,1
79,37,0,1
80,7,0,1
81,14,1,1
82,9,0,1
83,40,1,1
84,45,0,1
85,62,1,1
86,20,1,1
87,43,0,1
88,18,0,1
89,8,1,1
90,14,1,1
91,18,0,1
92,45,0,1
93,12,1,1
94,22,0,1
95,18,0,1
96,40,1,1
97,32,0,1
98,24,0,1
99,17,1,1
100,4,1,1
101,43,0,1
102,13,1,1
103,44,1,1
104,8,1,1
105,18,0,1
106,62,1,1
107,37,0,1
108,4,1,1
109,0,1,1
110,16,1,1
111,37,0,1
112,12,1,1
113,43,0,1
114,14,1,1
115,15,1,1
116,11,0,1
117,13,1,1
118,20,1,1
119,48,1,1
120,32,0,1
121,5,1,1
122,8,1,1
123,20,1,1
124,36,0,1
125,4,1,1
126,29,1,1
127,43,0,1
128,5,1,1
129,16,1,1
130,17,1,1
131,5,1,1
132,25,1,1
133,45,0,1
134,34,0,1
135,29,1,1
136,14,1,1
137,9,0,1
138,13,1,1
139,2,1,1
140,49,0,1
141,18,0,1
142,11,0,1
143,31,1,1
144,0,1,1
145,25,1,1
146,0,1,1
147,14,1,1
148,46,0,1
149,7,0,1
150,4,1,1
151,39,1,1
152,19,0,1
153,39,1,1
154,10,1,1
155,12,1,1
156,0,1,1
157,28,0,1
158,37,0,1
159,11,0,1
160,48,1,1
161,4,1,1
162,54,0,1
163,10,1,1
164,29,1,1
165,0,1,1
166,11,0,1
167,0,1,1
168,28,0,1
169,16,1,1
170,8,1,1
171,40,1,1
172,25,1,1
173,45,0,1
174,7,0,1
175,40,1,1
176,24,0,1
177,12,1,1
178,19,0,1
179,9,0,1
180,27,1,1
181,28,0,1
182,7,0,1
183,60,1,1
184,0,1,1
185,15,1,1
186,43,0,1
187,29,1,1
188,40,1,1
189,32,0,1
190,24,0,1
191,37,0,1
192,41,0,1
193,49,0,1
194,20,1,1
195,22,0,1
196,4,1,1
197,20,1,1
198,5,1,1
199,48,1,1
200,33,1,1
201,11,0,1
202,15,1,1
203,28,0,1
204,44,1,1
205,7,0,1
206,43,0,1
207,32,0,1
208,44,1,1
209,37,0,1
210,45,0,1
211,10,1,1
212,0,1,1
213,9,0,1
214,28,0,1
215,32,0,1
216,39,1,1
217,8,1,1
218,8,1,1
219,14,1,1
220,27,1,1
221,15,1,1
222,32,0,1
223,13,1,1
224,7,0,1
225,7,0,1
226,20,1,1
227,8,1,1
228,17,1,1
229,32,0,1
230,40,1,1
231,13,1,1
232,43,0,1
233,10,1,1
234,45,0,1
235,13,1,1
236,24,0,1
237,27,1,1
238,32,0,1
239,33,1,1
240,29,1,1
241,37,0,1
242,16,1,1
243,20,1,1
244,50,1,1
245,22,0,1
246,14,1,1
247,10,1,1
248,32,0,1
249,13,1,1
250,22,0,1
251,41,0,1
252,45,0,1
253,16,1,1
254,27,1,1
255,9,0,1
256,31,1,1
257,18,0,1
258,15,1,1
259,16,1,1
260,10,1,1
261,44,1,1
262,55,0,1
263,28,0,1
264,9,0,1
265,7,0,1
266,50,1,1
267,24,0,1
268,22,0,1
269,17,1,1
270,24,0,1
271,14,1,1
272,33,1,1
273,45,0,1
274,44,1,1
275,0,1,1
276,27,1,1
277,48,1,1
278,31,1,1
279,2,1,1
280,33,1,1
281,7,0,1
282,33,1,1
283,27,1,1
284,7,0,1
285,9,0,1
286,49,0,1
287,29,1,1
288,7,0,1
289,0,1,1
290,39,1,1
291,28,0,1
292,32,0,1
293,45,0,1
294,8,1,1
295,5,1,1
296,10,1,1
297,9,0,1
298,2,1,1
299,7,0,1
300,27,1,1
301,45,0,1
302,44,1,1
303,9,0,1
304,41,0,1
305,17,1,1
306,44,1,1
307,28,0,1
308,0,1,1
309,10,1,1
310,20,1,1
311,25,1,1
312,43,0,1
313,45,0,1
314,44,1,1
315,2,1,1
316,24,0,1
317,28,0,1
318,25,1,1
319,48,1,1
320,16,1,1
321,2,1,1
322,14,1,1
323,5,1,1
324,10,1,1
325,22,0,1
326,45,0,1
327,28,0,1
328,14,1,1
329,45,0,1
330,49,0,1
331,39,1,1
332,4,1,1
333,32,0,1
334,39,1,1
335,55,0,1
336,10,1,1
337,4,1,1
338,4,1,1
339,28,0,1
340,10,1,1
341,20,1,1
342,7,0,1
343,7,0,1
344,4,1,1
345,43,0,1
346,2,1,1
347,13,1,1
348,7,0,1
349,33,1,1
350,13,1,1
351,7,0,1
352,18,0,1
353,25,1,1
354,28,0,1
355,7,0,1
356,29,1,1
357,4,1,1
358,48,1,1
359,10,1,1
360,48,1,1
361,49,0,1
362,13,1,1
363,9,0,1
364,34,0,1
365,14,1,1
366,5,1,1
367,18,0,1
368,27,1,1
369,0,1,1
370,57,1,1
371,43,0,1
372,0,1,1
373,18,0,1
374,15,1,1
375,54,0,1
376,33,1,1
377,24,0,1
378,43,0,1
379,7,0,1
380,32,0,1
381,43,0,1
382,15,1,1
383,13,1,1
384,0,1,1
385,29,1,1
386,7,0,1
387,34,0,1
388,12,1,1
389,16,1,1
390,16,1,1
391,27,1,1
392,19,0,1
393,5,1,1
394,14,1,1
395,12,1,1
396,38,0,1
397,62,1,1
398,18,0,1
399,44,1,1
400,34,0,1
401,20,1,1
402,17,1,1
403,41,0,1
404,10,1,1
405,5,1,1
406,0,1,1
407,37,0,1
408,17,1,1
409,17,1,1
410,13,1,1
411,2,1,1
412,25,1,1
413,28,0,1
414,10,1,1
415,43,0,1
416,44,1,1
417,7,0,1
418,48,1,1
419,24,0,1
420,4,1,1
421,8,1,1
422,2,1,1
423,27,1,1
424,28,0,1
425,41,0,1
426,0,1,1
427,61,0,1
428,0,1,1
429,7,0,1
430,16,1,1
431,9,0,1
432,37,0,1
433,49,0,1
434,5,1,1
435,7,0,1
436,17,1,1
437,0,1,1
438,5,1,1
439,10,1,1
440,40,1,1
441,17,1,1
442,32,0,1
443,16,1,1
444,15,1,1
445,9,0,1
446,4,1,1
447,7,0,1
448,28,0,1
449,45,0,1
450,17,1,1
451,44,1,1
452,10,1,1
453,12,1,1
454,9,0,1
455,13,1,1
456,5,1,1
457,22,0,1
458,17,1,1
459,9,0,1
460,16,1,1
461,54,0,1
462,16,1,1
463,40,1,1
464,2,1,1
465,14,1,1
466,50,1,1
467,33,1,1
468,19,0,1
469,33,1,1
470,25,1,1
471,0,1,1
472,34,0,1
473,10,1,1
474,11,0,1
475,18,0,1
476,7,0,1
477,14,1,1
478,10,1,1
479,25,1,1
480,7,0,1
481,27,1,1
482,14,1,1
483,38,0,1
484,29,1,1
485,17,1,1
486,32,0,1
487,40,1,1
488,2,1,1
489,49,0,1
490,0,1,1
491,22,0,1
492,29,1,1
493,27,1,1
494,12,1,1
495,11,0,1
496,28,0,1
497,37,0,1
498,25,1,1
499,7,0,1
500,44,1,1
501,45,0,1
502,0,1,1
503,32,0,1
504,27,1,1
505,24,0,1
506,12,1,1
507,24,0,1
508,37,0,1
509,2,1,1
510,13,1,1
511,12,1,1
512,16,1,1
513,48,1,1
514,55,0,1
515,27,1,1
516,4,1,1
517,0,1,1
518,24,0,1
519,29,1,1
520,15,1,1
521,39,1,1
522,37,0,1
523,12,1,1
524,16,1,1
525,13,1,1
526,27,1,1
527,19,0,1
528,20,1,1
529,14,1,1
530,18,0,1
531,32,0,1
532,10,1,1
533,33,1,1
534,15,1,1
535,5,1,1
536,14,1,1
537,7,0,1
538,20,1,1
539,5,1,1
540,41,0,1
541,10,1,1
542,17,1,1
543,5,1,1
544,2,1,1
545,43,0,1
546,8,1,1
547,8,1,1
548,29,1,1
549,2,1,1
550,10,1,1
551,4,1,1
552,5,1,1
553,12,1,1
554,5,1,1
555,2,1,1
556,32,0,1
557,29,1,1
558,14,1,1
559,8,1,1
560,0,1,1
561,11,0,1
562,11,0,1
563,10,1,1
564,10,1,1
565,0,1,1
566,11,0,1
567,13,1,1
568,13,1,1
569,31,1,1
570,13,1,1
571,4,1,1
572,15,1,1
573,4,1,1
574,32,0,1
575,28,0,1
576,14,1,1
577,34,0,1
578,32,0,1
579,39,1,1
580,0,1,1
581,57,1,1
582,45,0,1
583,8,1,1
584,15,1,1
585,11,0,1
586,14,1,1
587,24,0,1
588,22,0,1
589,39,1,1
590,12,1,1
591,14,1,1
592,20,1,1
593,7,0,1
594,32,0,1
595,15,1,1
596,19,0,1
597,58,0,1
598,13,1,1
599,24,0,1
600,20,1,1
601,25,1,1
602,17,1,1
603,10,1,1
604,7,0,1
605,33,1,1
606,11,0,1
607,0,1,1
608,9,0,1
609,31,1,1
610,44,1,1
611,19,0,1
612,37,0,1
613,19,0,1
614,37,0,1
615,44,1,1
616,14,1,1
617,8,1,1
618,14,1,1
619,10,1,1
620,49,0,1
621,18,0,1
622,0,1,1
623,14,1,1
624,40,1,1
625,27,1,1
626,18,0,1
627,4,1,1
628,24,0,1
629,25,1,1
630,43,0,1
631,25,1,1
632,33,1,1
633,4,1,1
634,8,1,1
635,7,0,1
636,2,1,1
637,0,1,1
638,9,0,1
639,0,1,1
640,20,1,1
641,14,1,1
642,14,1,1
643,9,0,1
644,17,1,1
645,18,0,1
646,28,0,1
647,27,1,1
648,25,1,1
649,31,1,1
650,22,0,1
651,28,0,1
652,2,1,1
653,45,0,1
654,13,1,1
655,34,0,1
656,13,1,1
657,29,1,1
658,24,0,1
659,18,0,1
660,15,1,1
661,31,1,1
662,10,1,1
663,37,0,1
664,16,1,1
665,37,0,1
666,5,1,1
667,15,1,1
668,49,0,1
669,20,1,1
670,12,1,1
671,48,1,1
672,45,0,1
673,10,1,1
674,0,1,1
675,16,1,1
676,12,1,1
677,18,0,1
678,27,1,1
679,31,1,1
680,4,1,1
681,8,1,1
682,10,1,1
683,13,1,1
684,37,0,1
685,8,1,1
686,4,1,1
687,15,1,1
688,17,1,1
689,22,0,1
690,43,0,1
691,2,1,1
692,4,1,1
693,7,0,1
694,18,0,1
695,8,1,1
696,44,1,1
697,0,1,1
698,14,1,1
699,11,0,1
700,39,1,1
701,17,1,1
702,8,1,1
703,0,1,1
704,60,1,1
705,10,1,1
706,0,1,1
707,33,1,1
708,0,1,1
709,33,1,1
710,16,1,1
711,29,1,1
712,43,0,1
713,33,1,1
714,27,1,1
715,25,1,1
716,12,1,1
717,7,0,1
718,43,0,1
719,52,1,1
720,28,0,1
721,10,1,1
722,7,0,1
723,13,1,1
724,38,0,1
725,15,1,1
726,38,0,1
727,14,1,1
728,32,0,1
729,12,1,1
730,10,1,1
731,31,1,1
732,2,1,1
733,5,1,1
734,2,1,1
735,25,1,1
736,13,1,1
737,24,0,1
738,10,1,1
739,28,0,1
740,31,1,1
741,31,1,1
742,18,0,1
743,28,0,1
744,5,1,1
745,17,1,1
746,29,1,1
747,0,1,1
748,2,1,1
749,48,1,1
750,28,0,1
751,40,1,1
752,11,0,1
753,15,1,1
754,12,1,1
755,17,1,1
756,13,1,1
757,36,0,1
758,9,0,1
759,13,1,1
760,44,1,1
761,32,0,1
762,2,1,1
763,5,1,1
764,25,1,1
765,2,1,1
766,33,1,1
767,33,1,1
768,18,0,1
769,56,0,1
770,11,0,1
771,43,0,1
772,32,0,1
773,4,1,1
774,8,1,1
775,64,0,1
776,29,1,1
777,13,1,1
778,16,1,1
779,14,1,1
780,27,1,1
781,55,0,1
782,10,1,1
783,0,1,1
784,10,1,1
785,0,1,1
786,33,1,1
787,39,1,1
788,4,1,1
789,11,0,1
790,44,1,1
791,40,1,1
792,38,0,1
793,7,0,1
794,58,0,1
795,5,1,1
796,20,1,1
