vote,public_key_id,honest,valid
0,2,1,1
1,10,0,1
2,21,1,1
3,2,1,1
4,8,1,1
5,9,1,1
6,1,1,1
7,14,0,1
8,13,0,1
9,6,1,1
10,4,0,1
11,14,0,1
12,14,0,1
13,1,1,1
14,2,1,1
15,2,1,1
16,4,0,1
17,1,1,1
18,6,1,1
19,4,0,1
20,6,1,1
21,14,0,1
22,2,1,1
23,20,1,1
24,2,1,1
25,1,1,1
26,25,0,1
27,14,0,1
28,2,1,1
29,19,1,1
30,1,1,1
31,12,0,1
32,8,1,1
33,1,1,1
34,4,0,1
35,10,0,1
36,2,1,1
37,1,1,1
38,2,1,1
39,2,1,1
40,1,1,1
41,8,1,1
42,1,1,1
43,1,1,1
44,2,1,1
45,22,1,1
46,14,0,1
47,1,1,1
48,23,1,1
49,2,1,1
50,2,1,1
51,4,0,1
52,2,1,1
53,0,1,1
54,1,1,1
55,2,1,1
56,25,0,1
57,8,1,1
58,2,1,1
59,32,1,1
60,14,0,1
61,0,1,1
62,2,1,1
63,22,1,1
64,6,1,1
65,2,1,1
66,14,0,1
67,1,1,1
68,10,0,1
69,4,0,1
70,6,1,1
71,2,1,1
72,6,1,1
73,1,1,1
74,25,0,1
75,1,1,1
76,4,0,1
77,9,1,1
78,4,0,1
79,9,1,1
80,14,0,1
81,9,1,1
82,1,1,1
83,10,0,1
84,1,1,1
85,20,1,1
86,1,1,1
87,2,1,1
88,1,1,1
89,4,0,1
90,1,1,1
91,6,1,1
92,27,1,1
93,2,1,1
94,15,0,1
95,2,1,1
96,2,1,1
97,2,1,1
98,1,1,1
99,6,1,1
100,9,1,1
101,3,1,1
102,14,0,1
103,1,1,1
104,2,1,1
105,1,1,1
106,1,1,1
107,1,1,1
108,1,1,1
109,2,1,1
110,14,0,1
111,1,1,1
112,15,0,1
113,2,1,1
114,2,1,1
115,2,1,1
116,13,0,1
117,2,1,1
118,8,1,1
119,4,0,1
120,4,0,1
121,9,1,1
122,6,1,1
123,1,1,1
124,1,1,1
125,7,1,1
126,1,1,1
127,1,1,1
128,1,1,1
129,0,1,1
130,4,0,1
131,1,1,1
132,1,1,1
133,12,0,1
134,4,0,1
135,1,1,1
136,0,1,1
137,14,0,1
138,8,1,1
139,1,1,1
140,8,1,1
141,4,0,1
142,6,1,1
143,19,1,1
144,14,0,1
145,2,1,1
146,18,1,1
147,1,1,1
148,2,1,1
149,1,1,1
150,2,1,1
151,1,1,1
152,9,1,1
153,1,1,1
154,8,1,1
155,4,0,1
156,1,1,1
157,2,1,1
158,1,1,1
159,1,1,1
160,22,1,1
161,1,1,1
162,1,1,1
163,1,1,1
164,1,1,1
165,10,0,1
166,1,1,1
167,6,1,1
168,2,1,1
169,1,1,1
170,16,0,1
171,14,0,1
172,15,0,1
173,9,1,1
174,4,0,1
175,1,1,1
176,14,0,1
177,1,1,1
178,2,1,1
179,6,1,1
180,6,1,1
181,6,1,1
182,6,1,1
183,6,1,1
184,20,1,1
185,1,1,1
186,9,1,1
187,1,1,1
188,10,0,1
189,4,0,1
190,1,1,1
191,2,1,1
192,18,1,1
193,1,1,1
194,4,0,1
195,1,1,1
196,1,1,1
197,1,1,1
198,4,0,1
199,14,0,1
200,1,1,1
201,12,0,1
202,9,1,1
203,8,1,1
204,1,1,1
205,1,1,1
206,2,1,1
207,1,1,1
208,1,1,1
209,1,1,1
210,4,0,1
211,2,1,1
212,1,1,1
213,2,1,1
214,1,1,1
215,2,1,1
216,6,1,1
217,2,1,1
218,0,1,1
219,4,0,1
220,20,1,1
221,10,0,1
222,1,1,1
223,1,1,1
224,2,1,1
225,4,0,1
226,4,0,1
227,4,0,1
228,1,1,1
229,6,1,1
230,6,1,1
231,1,1,1
232,19,1,1
233,9,1,1
234,12,0,1
235,22,1,1
236,12,0,1
237,30,1,1
238,18,1,1
239,9,1,1
240,2,1,1
241,2,1,1
242,2,1,1
243,29,0,1
244,6,1,1
245,19,1,1
246,6,1,1
247,6,1,1
248,2,1,1
249,2,1,1
250,9,1,1
251,1,1,1
252,6,1,1
253,1,1,1
254,2,1,1
255,8,1,1
256,1,1,1
257,8,1,1
258,9,1,1
259,2,1,1
260,19,1,1
261,2,1,1
262,2,1,1
263,4,0,1
264,1,1,1
265,1,1,1
266,20,1,1
267,2,1,1
268,20,1,1
269,7,1,1
270,2,1,1
271,9,1,1
272,0,1,1
273,1,1,1
274,1,1,1
275,1,1,1
276,22,1,1
277,15,0,1
278,8,1,1
279,8,1,1
280,1,1,1
281,9,1,1
282,2,1,1
283,6,1,1
284,3,1,1
285,1,1,1
286,1,1,1
287,4,0,1
288,6,1,1
289,10,0,1
290,29,0,1
291,1,1,1
292,2,1,1
293,6,1,1
294,22,1,1
295,4,0,1
296,7,1,1
297,1,1,1
298,2,1,1
299,4,0,1
300,1,1,1
301,1,1,1
302,1,1,1
303,6,1,1
304,1,1,1
305,14,0,1
306,1,1,1
307,20,1,1
308,23,1,1
309,12,0,1
310,2,1,1
311,3,1,1
312,2,1,1
313,2,1,1
314,10,0,1
315,2,1,1
316,27,1,1
317,2,1,1
318,8,1,1
319,1,1,1
320,1,1,1
321,2,1,1
322,2,1,1
323,27,1,1
324,8,1,1
325,1,1,1
326,1,1,1
327,1,1,1
328,1,1,1
329,1,1,1
330,2,1,1
331,2,1,1
332,4,0,1
333,2,1,1
334,10,0,1
335,8,1,1
336,23,1,1
337,21,1,1
338,1,1,1
339,20,1,1
340,1,1,1
341,28,1,1
342,4,0,1
343,2,1,1
344,10,0,1
345,1,1,1
346,14,0,1
347,23,1,1
348,2,1,1
349,2,1,1
350,1,1,1
351,2,1,1
352,6,1,1
353,4,0,1
354,6,1,1
355,7,1,1
356,2,1,1
357,2,1,1
358,2,1,1
359,15,0,1
360,4,0,1
361,2,1,1
362,10,0,1
363,4,0,1
364,10,0,1
365,2,1,1
366,1,1,1
367,7,1,1
368,20,1,1
369,10,0,1
370,30,1,1
371,1,1,1
372,1,1,1
373,6,1,1
374,2,1,1
375,1,1,1
376,2,1,1
377,2,1,1
378,1,1,1
379,14,0,1
380,11,1,1
381,4,0,1
382,22,1,1
383,2,1,1
384,1,1,1
385,1,1,1
386,8,1,1
387,10,0,1
388,2,1,1
389,13,0,1
390,1,1,1
391,2,1,1
392,16,0,1
393,4,0,1
394,19,1,1
395,11,1,1
396,19,1,1
397,4,0,1
398,1,1,1
399,1,1,1
400,4,0,1
401,2,1,1
402,1,1,1
403,1,1,1
404,23,1,1
405,14,0,1
406,1,1,1
407,4,0,1
408,6,1,1
409,19,1,1
410,4,0,1
411,14,0,1
412,12,0,1
413,2,1,1
414,2,1,1
415,12,0,1
416,9,1,1
417,0,1,1
418,1,1,1
419,12,0,1
420,1,1,1
421,8,1,1
422,1,1,1
423,2,1,1
424,15,0,1
425,10,0,1
426,15,0,1
427,16,0,1
428,1,1,1
429,1,1,1
430,34,1,1
431,2,1,1
432,2,1,1
433,1,1,1
434,1,1,1
435,2,1,1
436,2,1,1
437,8,1,1
438,1,1,1
439,2,1,1
440,1,1,1
441,1,1,1
442,4,0,1
443,16,0,1
444,2,1,1
445,14,0,1
446,10,0,1
447,1,1,1
448,6,1,1
449,6,1,1
450,4,0,1
451,10,0,1
452,8,1,1
453,4,0,1
454,4,0,1
455,9,1,1
456,2,1,1
457,1,1,1
458,6,1,1
459,2,1,1
460,1,1,1
461,2,1,1
462,3,1,1
463,2,1,1
464,4,0,1
465,1,1,1
466,1,1,1
467,1,1,1
468,1,1,1
469,2,1,1
470,4,0,1
471,1,1,1
472,20,1,1
473,8,1,1
474,1,1,1
475,5,0,1
476,1,1,1
477,9,1,1
478,1,1,1
479,1,1,1
480,2,1,1
481,4,0,1
482,1,1,1
483,6,1,1
484,2,1,1
485,1,1,1
486,3,1,1
487,0,1,1
488,2,1,1
489,4,0,1
490,6,1,1
491,1,1,1
492,1,1,1
493,1,1,1
494,13,0,1
495,1,1,1
496,14,0,1
497,9,1,1
498,10,0,1
499,6,1,1
500,10,0,1
501,2,1,1
502,4,0,1
503,6,1,1
504,4,0,1
505,0,1,1
506,1,1,1
507,14,0,1
508,14,0,1
509,1,1,1
510,10,0,1
511,1,1,1
512,15,0,1
513,1,1,1
514,4,0,1
515,1,1,1
516,1,1,1
517,21,1,1
518,14,0,1
519,1,1,1
520,4,0,1
521,16,0,1
522,1,1,1
523,1,1,1
524,6,1,1
525,10,0,1
526,1,1,1
527,2,1,1
528,8,1,1
529,12,0,1
530,4,0,1
531,9,1,1
532,2,1,1
533,27,1,1
534,15,0,1
535,14,0,1
536,2,1,1
537,6,1,1
538,2,1,1
539,4,0,1
540,4,0,1
541,2,1,1
542,2,1,1
543,4,0,1
544,1,1,1
545,2,1,1
546,1,1,1
547,4,0,1
548,0,1,1
549,6,1,1
550,8,1,1
551,20,1,1
552,1,1,1
553,22,1,1
554,2,1,1
555,4,0,1
556,6,1,1
557,2,1,1
558,4,0,1
559,2,1,1
560,2,1,1
561,2,1,1
562,20,1,1
563,10,0,1
564,13,0,1
565,14,0,1
566,6,1,1
567,2,1,1
568,1,1,1
569,14,0,1
570,2,1,1
571,6,1,1
572,1,1,1
573,2,1,1
574,3,1,1
575,2,1,1
576,2,1,1
577,0,1,1
578,1,1,1
579,14,0,1
580,1,1,1
581,9,1,1
582,19,1,1
583,14,0,1
584,9,1,1
585,6,1,1
586,6,1,1
587,14,0,1
588,2,1,1
589,4,0,1
590,8,1,1
591,4,0,1
592,2,1,1
593,2,1,1
594,10,0,1
595,2,1,1
596,1,1,1
597,18,1,1
598,2,1,1
599,3,1,1
600,2,1,1
601,8,1,1
602,6,1,1
603,6,1,1
604,1,1,1
605,4,0,1
606,6,1,1
607,4,0,1
608,1,1,1
609,1,1,1
610,9,1,1
611,6,1,1
612,2,1,1
613,1,1,1
614,22,1,1
615,14,0,1
616,6,1,1
617,2,1,1
618,1,1,1
619,1,1,1
620,10,0,1
621,2,1,1
622,27,1,1
623,1,1,1
624,2,1,1
625,19,1,1
626,6,1,1
627,2,1,1
628,1,1,1
629,9,1,1
630,2,1,1
631,20,1,1
632,9,1,1
633,8,1,1
634,1,1,1
635,20,1,1
636,1,1,1
637,1,1,1
638,1,1,1
639,1,1,1
640,2,1,1
641,6,1,1
642,1,1,1
643,2,1,1
644,2,1,1
645,10,0,1
646,2,1,1
647,6,1,1
648,1,1,1
649,1,1,1
650,1,1,1
651,1,1,1
652,2,1,1
653,15,0,1
654,2,1,1
655,8,1,1
656,6,1,1
657,1,1,1
658,1,1,1
659,10,0,1
660,14,0,1
661,1,1,1
662,1,1,1
663,18,1,1
664,14,0,1
665,8,1,1
666,12,0,1
667,4,0,1
668,6,1,1
669,10,0,1
670,6,1,1
671,2,1,1
672,3,1,1
673,1,1,1
674,1,1,1
675,2,1,1
676,10,0,1
677,1,1,1
678,4,0,1
679,1,1,1
680,2,1,1
681,14,0,1
682,2,1,1
683,4,0,1
684,27,1,1
685,1,1,1
686,1,1,1
687,6,1,1
688,6,1,1
689,1,1,1
690,35,1,1
691,2,1,1
692,2,1,1
693,1,1,1
694,6,1,1
695,1,1,1
696,6,1,1
697,2,1,1
698,4,0,1
699,2,1,1
700,10,0,1
701,2,1,1
702,18,1,1
703,2,1,1
704,4,0,1
705,4,0,1
706,1,1,1
707,2,1,1
708,1,1,1
709,1,1,1
710,1,1,1
711,14,0,1
712,4,0,1
713,9,1,1
714,6,1,1
715,1,1,1
716,1,1,1
717,1,1,1
718,4,0,1
719,2,1,1
720,2,1,1
721,14,0,1
722,1,1,1
723,6,1,1
724,1,1,1
725,12,0,1
726,1,1,1
727,28,1,1
728,17,1,1
729,9,1,1
730,1,1,1
731,2,1,1
732,3,1,1
733,1,1,1
734,2,1,1
735,1,1,1
736,1,1,1
737,15,0,1
738,2,1,1
739,8,1,1
740,2,1,1
741,1,1,1
742,14,0,1
743,14,0,1
744,10,0,1
745,2,1,1
746,10,0,1
747,1,1,1
748,6,1,1
749,14,0,1
750,6,1,1
751,12,0,1
752,1,1,1
753,8,1,1
754,27,1,1
755,6,1,1
756,6,1,1
757,6,1,1
758,22,1,1
759,1,1,1
760,15,0,1
761,25,0,1
762,4,0,1
763,2,1,1
764,9,1,1
765,13,0,1
766,14,0,1
767,1,1,1
768,6,1,1
769,29,0,1
770,9,1,1
771,10,0,1
772,2,1,1
773,1,1,1
774,2,1,1
775,6,1,1
776,12,0,1
777,12,0,1
778,1,1,1
779,1,1,1
780,2,1,1
781,14,0,1
782,1,1,1
783,6,1,1
784,2,1,1
785,2,1,1
786,2,1,1
787,4,0,1
788,9,1,1
789,14,0,1
790,2,1,1
791,6,1,1
792,19,1,1
793,1,1,1
794,1,1,1
795,8,1,1
796,2,1,1
797,14,0,1
798,1,1,1
799,2,1,1
800,2,1,1
801,2,1,1
802,10,0,1
803,10,0,1
804,2,1,1
805,20,1,1
806,4,0,1
807,9,1,1
808,4,0,1
809,31,1,1
810,2,1,1
811,1,1,1
812,20,1,1
813,1,1,1
814,2,1,1
815,2,1,1
816,2,1,1
817,2,1,1
818,2,1,1
819,8,1,1
820,2,1,1
821,2,1,1
822,2,1,1
823,8,1,1
824,2,1,1
825,14,0,1
826,6,1,1
827,15,0,1
828,10,0,1
829,4,0,1
830,1,1,1
831,0,1,1
832,4,0,1
833,1,1,1
834,1,1,1
835,1,1,1
836,3,1,1
837,8,1,1
838,8,1,1
839,8,1,1
840,12,0,1
841,2,1,1
842,2,1,1
843,0,1,1
844,20,1,1
845,2,1,1
846,12,0,1
847,14,0,1
848,6,1,1
849,29,0,1
850,24,0,1
851,6,1,1
852,12,0,1
853,2,1,1
854,1,1,1
855,4,0,1
856,4,0,1
857,1,1,1
858,8,1,1
859,17,1,1
860,16,0,1
861,1,1,1
862,14,0,1
863,2,1,1
864,30,1,1
865,2,1,1
866,2,1,1
867,10,0,1
868,1,1,1
869,19,1,1
870,1,1,1
871,4,0,1
872,1,1,1
873,23,1,1
874,1,1,1
875,8,1,1
876,4,0,1
877,1,1,1
878,1,1,1
879,9,1,1
880,13,0,1
881,1,1,1
882,1,1,1
883,1,1,1
884,1,1,1
885,2,1,1
886,1,1,1
887,2,1,1
888,1,1,1
889,15,0,1
890,8,1,1
891,1,1,1
892,2,1,1
893,1,1,1
894,11,1,1
895,2,1,1
896,1,1,1
897,4,0,1
898,9,1,1
899,9,1,1
900,10,0,1
901,13,0,1
902,2,1,1
903,2,1,1
904,6,1,1
905,2,1,1
906,2,1,1
907,2,1,1
908,1,1,1
909,9,1,1
910,6,1,1
911,26,1,1
912,1,1,1
913,6,1,1
914,1,1,1
915,6,1,1
916,1,1,1
917,2,1,1
918,14,0,1
919,14,0,1
920,2,1,1
921,2,1,1
922,2,1,1
923,13,0,1
924,1,1,1
925,4,0,1
926,15,0,1
927,6,1,1
928,2,1,1
929,6,1,1
930,2,1,1
931,14,0,1
932,14,0,1
933,4,0,1
934,2,1,1
935,6,1,1
936,1,1,1
937,1,1,1
938,22,1,1
939,4,0,1
940,22,1,1
941,1,1,1
942,14,0,1
943,1,1,1
944,10,0,1
945,2,1,1
946,2,1,1
947,2,1,1
948,1,1,1
949,1,1,1
950,14,0,1
951,4,0,1
952,2,1,1
953,2,1,1
954,8,1,1
955,2,1,1
956,2,1,1
957,12,0,1
958,4,0,1
959,1,1,1
960,6,1,1
961,1,1,1
962,1,1,1
963,1,1,1
964,1,1,1
965,14,0,1
966,4,0,1
967,4,0,1
968,1,1,1
969,2,1,1
970,1,1,1
971,4,0,1
972,1,1,1
973,4,0,1
974,2,1,1
975,6,1,1
976,1,1,1
977,1,1,1
978,25,0,1
979,30,1,1
980,6,1,1
981,27,1,1
982,10,0,1
983,29,0,1
984,14,0,1
985,1,1,1
986,33,1,1
987,6,1,1
988,14,0,1
989,2,1,1
990,2,1,1
991,1,1,1
992,1,1,1
993,20,1,1
994,1,1,1
995,2,1,1
996,2,1,1
997,6,1,1
998,14,0,1
999,10,0,1
