vote,public_key_id,honest,valid
0,7,1,1
1,8,1,1
2,28,0,1
3,2,0,1
4,7,1,1
5,54,0,1
6,23,0,1
7,14,0,1
8,2,0,1
9,0,0,1
10,17,0,1
11,21,1,1
12,1,1,1
13,55,1,1
14,46,0,1
15,44,1,1
16,24,1,1
17,48,0,1
18,7,1,1
19,0,0,1
20,8,1,1
21,21,1,1
22,23,0,1
23,11,1,1
24,12,0,1
25,23,0,1
26,27,1,1
27,22,0,1
28,48,0,1
29,47,0,1
30,48,0,1
31,14,0,1
32,4,1,1
33,21,1,1
34,0,0,1
35,2,0,1
36,17,0,1
37,37,1,1
38,25,0,1
39,39,1,1
40,42,1,1
41,25,0,1
42,0,0,1
43,18,0,1
44,18,0,1
45,22,0,1
46,21,1,1
47,10,1,1
48,1,1,1
49,18,0,1
50,39,1,1
51,4,1,1
52,21,1,1
53,23,0,1
54,2,0,1
55,55,1,1
56,0,0,1
57,20,0,1
58,17,0,1
59,29,1,1
60,1,1,1
61,29,1,1
62,21,1,1
63,48,0,1
64,7,1,1
65,12,0,1
66,8,1,1
67,23,0,1
68,1,1,1
69,23,0,1
70,21,1,1
71,21,1,1
72,25,0,1
73,37,1,1
74,10,1,1
75,29,1,1
76,18,0,1
77,1,1,1
78,12,0,1
79,14,0,1
80,18,0,1
81,18,0,1
82,42,1,1
83,29,1,1
84,38,1,1
85,4,1,1
86,11,1,1
87,7,1,1
88,45,1,1
89,27,1,1
90,12,0,1
91,0,0,1
92,28,0,1
93,8,1,1
94,8,1,1
95,18,0,1
96,23,0,1
97,1,1,1
98,0,0,1
99,2,0,1
100,21,1,1
101,12,0,1
102,37,1,1
103,15,1,1
104,4,1,1
105,27,1,1
106,59,0,1
107,21,1,1
108,14,0,1
109,14,0,1
110,24,1,1
111,24,1,1
112,1,1,1
113,25,0,1
114,14,0,1
115,1,1,1
116,21,1,1
117,11,1,1
118,4,1,1
119,42,1,1
120,0,0,1
121,54,0,1
122,21,1,1
123,20,0,1
124,20,0,1
125,48,0,1
126,21,1,1
127,25,0,1
128,23,0,1
129,6,1,1
130,33,1,1
131,4,1,1
132,21,1,1
133,23,0,1
134,21,1,1
135,29,1,1
136,6,1,1
137,14,0,1
138,17,0,1
139,1,1,1
140,10,1,1
141,20,0,1
142,47,0,1
143,15,1,1
144,20,0,1
145,10,1,1
146,42,1,1
147,10,1,1
148,23,0,1
149,44,1,1
150,8,1,1
151,55,1,1
152,7,1,1
153,1,1,1
154,38,1,1
155,17,0,1
156,62,1,1
157,47,0,1
158,33,1,1
159,37,1,1
160,14,0,1
161,25,0,1
162,14,0,1
163,10,1,1
164,24,1,1
165,25,0,1
166,28,0,1
167,37,1,1
168,62,1,1
169,48,0,1
170,27,1,1
171,34,1,1
172,24,1,1
173,24,1,1
174,7,1,1
175,4,1,1
176,2,0,1
177,7,1,1
178,25,0,1
179,12,0,1
180,42,1,1
181,17,0,1
182,2,0,1
183,21,1,1
184,19,1,1
185,6,1,1
186,4,1,1
187,2,0,1
188,29,1,1
189,7,1,1
190,21,1,1
191,33,1,1
192,33,1,1
193,25,0,1
194,44,1,1
195,48,0,1
196,34,1,1
197,1,1,1
198,21,1,1
199,1,1,1
200,33,1,1
201,14,0,1
202,7,1,1
203,17,0,1
204,0,0,1
205,2,0,1
206,44,1,1
207,23,0,1
208,21,1,1
209,8,1,1
210,22,0,1
211,41,0,1
212,10,1,1
213,41,0,1
214,21,1,1
215,27,1,1
216,33,1,1
217,28,0,1
218,12,0,1
219,37,1,1
220,26,1,1
221,15,1,1
222,48,0,1
223,27,1,1
224,10,1,1
225,27,1,1
226,2,0,1
227,7,1,1
228,34,1,1
229,8,1,1
230,10,1,1
231,11,1,1
232,15,1,1
233,0,0,1
234,29,1,1
235,24,1,1
236,21,1,1
237,49,1,1
238,7,1,1
239,21,1,1
240,45,1,1
241,26,1,1
242,0,0,1
243,21,1,1
244,21,1,1
245,18,0,1
246,27,1,1
247,21,1,1
248,33,1,1
249,22,0,1
250,22,0,1
251,19,1,1
252,10,1,1
253,6,1,1
254,39,1,1
255,6,1,1
256,48,0,1
257,21,1,1
258,6,1,1
259,0,0,1
260,44,1,1
261,21,1,1
262,42,1,1
263,24,1,1
264,7,1,1
265,17,0,1
266,21,1,1
267,22,0,1
268,29,1,1
269,4,1,1
270,27,1,1
271,15,1,1
272,28,0,1
273,44,1,1
274,12,0,1
275,12,0,1
276,27,1,1
277,20,0,1
278,15,1,1
279,28,0,1
280,45,1,1
281,11,1,1
282,19,1,1
283,21,1,1
284,6,1,1
285,2,0,1
286,0,0,1
287,28,0,1
288,45,1,1
289,45,1,1
290,8,1,1
291,20,0,1
292,42,1,1
293,37,1,1
294,11,1,1
295,7,1,1
296,27,1,1
297,10,1,1
298,27,1,1
299,37,1,1
300,18,0,1
301,10,1,1
302,4,1,1
303,4,1,1
304,42,1,1
305,0,0,1
306,34,1,1
307,37,1,1
308,37,1,1
309,37,1,1
310,12,0,1
311,20,0,1
312,28,0,1
313,44,1,1
314,10,1,1
315,10,1,1
316,28,0,1
317,28,0,1
318,39,1,1
319,28,0,1
320,21,1,1
321,7,1,1
322,19,1,1
323,7,1,1
324,1,1,1
325,38,1,1
326,12,0,1
327,0,0,1
328,22,0,1
329,37,1,1
330,1,1,1
331,37,1,1
332,39,1,1
333,14,0,1
334,23,0,1
335,28,0,1
336,15,1,1
337,29,1,1
338,41,0,1
339,44,1,1
340,18,0,1
341,10,1,1
342,49,1,1
343,11,1,1
344,37,1,1
345,18,0,1
346,45,1,1
347,44,1,1
348,33,1,1
349,25,0,1
350,23,0,1
351,4,1,1
352,7,1,1
353,48,0,1
354,2,0,1
355,0,0,1
356,57,1,1
357,26,1,1
358,2,0,1
359,39,1,1
360,14,0,1
361,25,0,1
362,4,1,1
363,7,1,1
364,12,0,1
365,24,1,1
366,2,0,1
367,0,0,1
368,8,1,1
369,45,1,1
370,48,0,1
371,42,1,1
372,10,1,1
373,21,1,1
374,33,1,1
375,4,1,1
376,17,0,1
377,11,1,1
378,29,1,1
379,21,1,1
380,42,1,1
381,7,1,1
382,19,1,1
383,28,0,1
384,54,0,1
385,2,0,1
386,24,1,1
387,14,0,1
388,7,1,1
389,27,1,1
390,8,1,1
391,6,1,1
392,33,1,1
393,38,1,1
394,33,1,1
395,45,1,1
396,8,1,1
397,6,1,1
398,34,1,1
399,41,0,1
400,24,1,1
401,14,0,1
402,7,1,1
403,8,1,1
404,7,1,1
405,1,1,1
406,0,0,1
407,10,1,1
408,24,1,1
409,22,0,1
410,23,0,1
411,23,0,1
412,7,1,1
413,17,0,1
414,29,1,1
415,24,1,1
416,6,1,1
417,27,1,1
418,6,1,1
419,21,1,1
420,27,1,1
421,17,0,1
422,10,1,1
423,37,1,1
424,22,0,1
425,37,1,1
426,0,0,1
427,7,1,1
428,0,0,1
429,24,1,1
430,7,1,1
431,22,0,1
432,4,1,1
433,7,1,1
434,27,1,1
435,64,1,1
436,17,0,1
437,49,1,1
438,8,1,1
439,7,1,1
440,2,0,1
441,0,0,1
442,10,1,1
443,27,1,1
444,11,1,1
445,0,0,1
446,23,0,1
447,15,1,1
448,58,0,1
449,62,1,1
450,8,1,1
451,21,1,1
452,4,1,1
453,6,1,1
454,45,1,1
455,0,0,1
456,42,1,1
457,15,1,1
458,25,0,1
459,23,0,1
460,6,1,1
461,33,1,1
462,10,1,1
463,28,0,1
464,10,1,1
465,21,1,1
466,23,0,1
467,0,0,1
468,45,1,1
469,17,0,1
470,21,1,1
471,37,1,1
472,10,1,1
473,41,0,1
474,0,0,1
475,29,1,1
476,41,0,1
477,7,1,1
478,18,0,1
479,0,0,1
480,49,1,1
481,7,1,1
482,44,1,1
483,21,1,1
484,1,1,1
485,25,0,1
486,15,1,1
487,23,0,1
488,29,1,1
489,42,1,1
490,17,0,1
491,26,1,1
492,49,1,1
493,4,1,1
494,0,0,1
495,1,1,1
496,14,0,1
497,6,1,1
498,7,1,1
499,44,1,1
500,4,1,1
501,14,0,1
502,21,1,1
503,25,0,1
504,1,1,1
505,44,1,1
506,0,0,1
507,20,0,1
508,28,0,1
509,45,1,1
510,7,1,1
511,12,0,1
512,29,1,1
513,10,1,1
514,28,0,1
515,54,0,1
516,48,0,1
517,17,0,1
518,28,0,1
519,7,1,1
520,21,1,1
521,49,1,1
522,0,0,1
523,42,1,1
524,21,1,1
525,12,0,1
526,0,0,1
527,7,1,1
528,27,1,1
529,29,1,1
530,34,1,1
531,20,0,1
532,21,1,1
533,4,1,1
534,11,1,1
535,23,0,1
536,24,1,1
537,49,1,1
538,1,1,1
539,39,1,1
540,21,1,1
541,12,0,1
542,27,1,1
543,19,1,1
544,6,1,1
545,23,0,1
546,4,1,1
547,18,0,1
548,10,1,1
549,6,1,1
550,42,1,1
551,14,0,1
552,44,1,1
553,15,1,1
554,15,1,1
555,1,1,1
556,21,1,1
557,0,0,1
558,49,1,1
559,1,1,1
560,15,1,1
561,7,1,1
562,7,1,1
563,17,0,1
564,17,0,1
565,18,0,1
566,57,1,1
567,39,1,1
568,21,1,1
569,28,0,1
570,45,1,1
571,11,1,1
572,6,1,1
573,19,1,1
574,21,1,1
575,37,1,1
576,29,1,1
577,6,1,1
578,15,1,1
579,11,1,1
580,20,0,1
581,10,1,1
582,45,1,1
583,10,1,1
584,10,1,1
585,39,1,1
586,12,0,1
587,8,1,1
588,44,1,1
589,12,0,1
590,12,0,1
591,15,1,1
592,8,1,1
593,18,0,1
594,8,1,1
595,11,1,1
596,12,0,1
597,55,1,1
598,2,0,1
599,7,1,1
600,12,0,1
601,14,0,1
602,44,1,1
603,47,0,1
604,18,0,1
605,18,0,1
606,14,0,1
607,7,1,1
608,23,0,1
609,25,0,1
610,37,1,1
611,6,1,1
612,20,0,1
613,23,0,1
614,2,0,1
615,45,1,1
616,33,1,1
617,2,0,1
618,21,1,1
619,28,0,1
620,23,0,1
621,10,1,1
622,10,1,1
623,23,0,1
624,12,0,1
625,37,1,1
626,10,1,1
627,27,1,1
628,10,1,1
629,24,1,1
630,8,1,1
631,39,1,1
632,23,0,1
633,0,0,1
634,18,0,1
635,0,0,1
636,20,0,1
637,44,1,1
638,20,0,1
639,6,1,1
640,33,1,1
641,6,1,1
642,6,1,1
643,4,1,1
644,38,1,1
645,42,1,1
646,8,1,1
647,6,1,1
648,7,1,1
649,42,1,1
650,28,0,1
651,4,1,1
652,14,0,1
653,14,0,1
654,33,1,1
655,0,0,1
656,19,1,1
657,12,0,1
658,8,1,1
659,18,0,1
660,15,1,1
661,2,0,1
662,14,0,1
663,6,1,1
664,4,1,1
665,22,0,1
666,37,1,1
667,0,0,1
668,22,0,1
669,20,0,1
670,4,1,1
671,15,1,1
672,1,1,1
673,18,0,1
674,4,1,1
675,14,0,1
676,23,0,1
677,45,1,1
678,21,1,1
679,17,0,1
680,17,0,1
681,20,0,1
682,10,1,1
683,37,1,1
684,20,0,1
685,45,1,1
686,47,0,1
687,20,0,1
688,23,0,1
689,7,1,1
690,27,1,1
691,10,1,1
692,27,1,1
693,24,1,1
694,6,1,1
695,29,1,1
696,28,0,1
697,58,0,1
698,44,1,1
699,33,1,1
700,45,1,1
701,26,1,1
702,15,1,1
703,27,1,1
704,42,1,1
705,44,1,1
706,2,0,1
707,7,1,1
708,10,1,1
709,0,0,1
710,11,1,1
711,33,1,1
712,0,0,1
713,23,0,1
714,0,0,1
715,23,0,1
716,12,0,1
717,10,1,1
718,21,1,1
719,7,1,1
720,14,0,1
721,25,0,1
722,6,1,1
723,11,1,1
724,45,1,1
725,21,1,1
726,29,1,1
727,24,1,1
728,42,1,1
729,6,1,1
730,17,0,1
731,14,0,1
732,7,1,1
733,11,1,1
734,0,0,1
735,21,1,1
736,7,1,1
737,10,1,1
738,14,0,1
739,29,1,1
740,2,0,1
741,25,0,1
742,15,1,1
743,27,1,1
744,14,0,1
745,48,0,1
746,4,1,1
747,33,1,1
748,0,0,1
749,45,1,1
750,33,1,1
751,26,1,1
752,1,1,1
753,10,1,1
754,34,1,1
755,11,1,1
756,28,0,1
757,1,1,1
758,11,1,1
759,63,1,1
760,6,1,1
761,48,0,1
762,21,1,1
763,1,1,1
764,14,0,1
765,49,1,1
766,11,1,1
767,28,0,1
768,11,1,1
769,10,1,1
770,14,0,1
771,25,0,1
772,33,1,1
773,8,1,1
774,28,0,1
775,18,0,1
776,14,0,1
777,23,0,1
778,23,0,1
779,24,1,1
780,1,1,1
781,7,1,1
782,1,1,1
783,18,0,1
784,42,1,1
785,29,1,1
786,4,1,1
787,39,1,1
788,52,1,1
789,23,0,1
790,2,0,1
791,1,1,1
792,17,0,1
793,23,0,1
794,23,0,1
795,21,1,1
796,2,0,1
