vote,public_key_id,honest,valid
0,62,1,1
1,45,1,1
2,28,1,1
3,0,1,1
4,8,0,1
5,17,0,1
6,29,1,1
7,27,1,1
8,6,0,1
9,32,1,1
10,15,0,1
11,18,0,1
12,13,1,1
13,25,1,1
14,21,1,1
15,48,1,1
16,21,1,1
17,25,1,1
18,0,1,1
19,12,1,1
20,28,1,1
21,21,1,1
22,45,1,1
23,29,1,1
24,23,0,1
25,3,1,0
26,9,0,1
27,45,1,1
28,43,1,1
29,25,1,1
30,45,1,1
31,44,1,1
32,42,1,1
33,2,0,1
34,33,1,1
35,16,1,1
36,48,1,1
37,50,1,1
38,43,1,1
39,44,1,1
40,31,0,1
41,9,0,1
42,29,1,1
43,27,1,1
44,11,1,1
45,4,1,1
46,33,1,1
47,32,1,1
48,5,1,0
49,27,1,1
50,2,0,1
51,15,0,1
52,21,1,1
53,9,0,1
54,10,1,1
55,6,0,1
56,12,1,1
57,40,1,1
58,24,1,1
59,10,1,1
60,17,0,1
61,21,1,1
62,17,0,1
63,23,0,1
64,4,1,1
65,10,1,1
66,3,1,1
67,18,0,1
68,7,1,0
69,55,0,1
70,25,1,1
71,14,1,1
72,15,0,1
73,18,0,1
74,16,1,1
75,22,0,1
76,13,1,1
77,9,0,1
78,3,1,1
79,47,0,1
80,39,1,1
81,0,1,1
82,7,1,1
83,20,1,1
84,9,0,1
85,34,1,1
86,54,1,1
87,18,0,1
88,45,1,1
89,13,1,1
90,11,1,1
91,39,1,1
92,0,1,1
93,8,0,0
94,21,1,1
95,9,0,1
96,43,1,1
97,8,0,1
98,2,0,1
99,13,1,1
100,2,0,1
101,21,1,1
102,23,0,1
103,35,0,1
104,11,1,0
105,14,1,1
106,7,1,1
107,3,1,1
108,9,0,1
109,49,1,1
110,16,1,1
111,12,1,1
112,0,1,1
113,8,0,0
114,51,0,1
115,20,1,1
116,37,0,1
117,25,1,1
118,32,1,1
119,0,1,1
120,21,1,1
121,45,1,1
122,16,1,1
123,20,1,1
124,0,1,1
125,17,0,1
126,21,1,1
127,0,1,1
128,9,0,1
129,10,1,1
130,14,1,1
131,17,0,1
132,5,1,1
133,48,1,1
134,21,1,1
135,24,1,1
136,23,0,1
137,20,1,1
138,24,1,1
139,37,0,1
140,23,0,1
141,37,0,1
142,40,1,1
143,25,1,1
144,21,1,1
145,31,0,1
146,37,0,1
147,12,1,1
148,7,1,1
149,4,1,1
150,14,1,1
151,0,1,1
152,14,1,1
153,12,1,1
154,23,0,1
155,21,1,1
156,15,0,1
157,27,1,1
158,9,0,1
159,13,1,1
160,33,1,1
161,57,1,1
162,7,1,1
163,6,0,1
164,21,1,1
165,11,1,1
166,2,0,1
167,10,1,1
168,23,0,1
169,6,0,1
170,16,1,1
171,7,1,1
172,4,1,1
173,7,1,1
174,23,0,1
175,28,1,1
176,0,1,1
177,25,1,1
178,42,1,1
179,6,0,1
180,20,1,1
181,13,1,1
182,21,1,1
183,44,1,1
184,37,0,1
185,37,0,1
186,11,1,1
187,24,1,1
188,20,1,1
189,3,1,1
190,21,1,1
191,9,0,1
192,22,0,1
193,46,0,1
194,31,0,1
195,44,1,1
196,13,1,1
197,0,1,1
198,25,1,1
199,7,1,1
200,29,1,1
201,18,0,1
202,0,1,1
203,23,0,1
204,14,1,1
205,48,1,1
206,11,1,1
207,1,0,1
208,32,1,1
209,10,1,0
210,25,1,1
211,14,1,1
212,61,0,1
213,23,0,1
214,12,1,1
215,11,1,1
216,28,1,1
217,4,1,1
218,8,0,1
219,1,0,1
220,19,1,1
221,32,1,1
222,14,1,1
223,10,1,1
224,13,1,1
225,16,1,1
226,48,1,1
227,0,1,1
228,27,1,1
229,3,1,1
230,39,1,1
231,7,1,1
232,6,0,1
233,15,0,1
234,5,1,1
235,11,1,1
236,63,1,1
237,21,1,1
238,9,0,1
239,33,1,1
240,21,1,1
241,4,1,1
242,27,1,1
243,15,0,1
244,31,0,1
245,5,1,1
246,18,0,1
247,6,0,1
248,32,1,1
249,21,1,1
250,16,1,1
251,20,1,1
252,2,0,1
253,22,0,1
254,37,0,1
255,7,1,1
256,17,0,1
257,42,1,1
258,10,1,1
259,17,0,1
260,7,1,1
261,7,1,1
262,14,1,1
263,15,0,1
264,15,0,1
265,19,1,1
266,13,1,1
267,21,1,1
268,23,0,1
269,32,1,1
270,37,0,1
271,5,1,1
272,12,1,1
273,14,1,1
274,21,1,1
275,58,1,1
276,24,1,1
277,59,0,1
278,33,1,1
279,29,1,1
280,32,1,1
281,9,0,1
282,27,1,1
283,13,1,1
284,23,0,1
285,33,1,1
286,32,1,1
287,4,1,1
288,18,0,1
289,48,1,1
290,23,0,1
291,2,0,1
292,49,1,1
293,18,0,1
294,40,1,1
295,21,1,1
296,22,0,1
297,19,1,1
298,43,1,1
299,27,1,1
300,28,1,1
301,18,0,1
302,3,1,1
303,3,1,1
304,12,1,1
305,2,0,1
306,11,1,1
307,10,1,1
308,7,1,1
309,39,1,1
310,0,1,1
311,5,1,1
312,23,0,1
313,10,1,1
314,23,0,1
315,21,1,1
316,13,1,1
317,28,1,1
318,9,0,1
319,49,1,1
320,44,1,1
321,0,1,1
322,14,1,1
323,24,1,1
324,45,1,1
325,28,1,1
326,43,1,1
327,23,0,1
328,14,1,1
329,6,0,1
330,0,1,1
331,28,1,1
332,8,0,1
333,23,0,1
334,4,1,1
335,13,1,1
336,25,1,1
337,45,1,1
338,14,1,1
339,18,0,1
340,7,1,1
341,10,1,1
342,1,0,1
343,25,1,1
344,14,1,1
345,21,1,1
346,28,1,1
347,22,0,1
348,24,1,1
349,32,1,1
350,7,1,1
351,6,0,1
352,21,1,1
353,22,0,1
354,14,1,1
355,21,1,1
356,17,0,1
357,12,1,1
358,8,0,1
359,9,0,1
360,45,1,1
361,28,1,1
362,42,1,1
363,9,0,1
364,42,1,1
365,49,1,1
366,10,1,1
367,21,1,1
368,42,1,1
369,9,0,1
370,2,0,1
371,17,0,1
372,28,1,1
373,1,0,1
374,23,0,1
375,27,1,1
376,20,1,1
377,1,0,1
378,45,1,1
379,2,0,1
380,24,1,1
381,40,1,1
382,44,1,1
383,2,0,1
384,10,1,1
385,5,1,1
386,3,1,1
387,4,1,1
388,10,1,1
389,22,0,1
390,21,1,1
391,6,0,1
392,42,1,1
393,7,1,1
394,2,0,1
395,0,1,1
396,11,1,1
397,33,1,1
398,2,0,1
399,11,1,1
400,1,0,1
401,43,1,1
402,32,1,1
403,14,1,1
404,39,1,1
405,7,1,1
406,41,0,1
407,32,1,1
408,16,1,1
409,10,1,1
410,26,1,1
411,7,1,1
412,48,1,1
413,32,1,1
414,37,0,1
415,9,0,1
416,11,1,1
417,5,1,1
418,44,1,1
419,24,1,1
420,7,1,1
421,56,0,1
422,15,0,1
423,34,1,1
424,47,0,1
425,1,0,1
426,31,0,1
427,4,1,1
428,40,1,1
429,20,1,1
430,28,1,1
431,12,1,1
432,29,1,1
433,22,0,1
434,3,1,1
435,7,1,1
436,16,1,1
437,2,0,1
438,9,0,1
439,45,1,1
440,7,1,1
441,17,0,1
442,14,1,1
443,7,1,1
444,43,1,1
445,4,1,1
446,42,1,1
447,28,1,1
448,31,0,1
449,13,1,1
450,14,1,1
451,32,1,1
452,2,0,1
453,7,1,1
454,21,1,1
455,12,1,1
456,40,1,1
457,24,1,1
458,18,0,1
459,6,0,1
460,41,0,1
461,11,1,0
462,20,1,1
463,34,1,1
464,26,1,1
465,28,1,1
466,22,0,1
467,29,1,1
468,33,1,1
469,39,1,1
470,39,1,1
471,4,1,1
472,19,1,1
473,16,1,1
474,32,1,1
475,28,1,1
476,7,1,1
477,27,1,1
478,23,0,1
479,43,1,1
480,29,1,1
481,37,0,1
482,10,1,1
483,13,1,1
484,21,1,1
485,0,1,1
486,2,0,1
487,25,1,1
488,26,1,1
489,16,1,1
490,42,1,1
491,55,0,1
492,4,1,1
493,23,0,1
494,39,1,1
495,0,1,1
496,57,1,1
497,8,0,1
498,20,1,1
499,1,0,1
500,32,1,1
501,0,1,1
502,43,1,1
503,28,1,1
504,25,1,1
505,20,1,1
506,10,1,1
507,8,0,1
508,23,0,1
509,28,1,1
510,6,0,1
511,21,1,1
512,1,0,1
513,43,1,1
514,23,0,1
515,60,0,1
516,0,1,1
517,39,1,1
518,23,0,1
519,16,1,1
520,0,1,1
521,3,1,1
522,5,1,1
523,42,1,1
524,15,0,1
525,23,0,1
526,17,0,1
527,26,1,1
528,23,0,1
529,27,1,1
530,21,1,1
531,17,0,1
532,10,1,1
533,5,1,1
534,24,1,1
535,5,1,1
536,41,0,1
537,44,1,1
538,43,1,1
539,49,1,1
540,4,1,0
541,41,0,1
542,21,1,1
543,37,0,1
544,27,1,1
545,14,1,1
546,21,1,1
547,43,1,1
548,14,1,1
549,10,1,1
550,5,1,1
551,34,1,1
552,4,1,1
553,6,0,1
554,10,1,1
555,29,1,1
556,15,0,1
557,32,1,1
558,23,0,1
559,6,0,1
560,20,1,1
561,42,1,1
562,1,0,1
563,29,1,1
564,5,1,1
565,4,1,1
566,10,1,1
567,23,0,1
568,30,0,1
569,37,0,1
570,21,1,1
571,62,1,1
572,13,1,1
573,16,1,1
574,40,1,1
575,14,1,1
576,7,1,1
577,6,0,1
578,14,1,1
579,0,1,1
580,5,1,1
581,12,1,1
582,62,1,1
583,20,1,1
584,10,1,0
585,32,1,1
586,19,1,1
587,6,0,1
588,29,1,1
589,12,1,1
590,1,0,1
591,1,0,1
592,37,0,1
593,1,0,1
594,29,1,1
595,9,0,1
596,45,1,1
597,27,1,1
598,38,0,1
599,32,1,1
600,8,0,1
601,15,0,1
602,33,1,1
603,48,1,1
604,10,1,0
605,7,1,1
606,1,0,1
607,6,0,0
608,24,1,1
609,11,1,1
610,28,1,1
611,21,1,1
612,26,1,1
613,25,1,1
614,33,1,1
615,40,1,1
616,40,1,1
617,28,1,1
618,39,1,1
619,23,0,1
620,44,1,1
621,15,0,1
622,44,1,1
623,20,1,1
624,14,1,1
625,17,0,1
626,27,1,1
627,24,1,1
628,37,0,1
629,0,1,1
630,8,0,1
631,19,1,1
632,23,0,1
633,6,0,1
634,34,1,1
635,13,1,1
636,24,1,1
637,8,0,1
638,4,1,1
639,10,1,1
640,29,1,1
641,27,1,1
642,31,0,1
643,7,1,1
644,6,0,1
645,2,0,0
646,4,1,1
647,10,1,0
648,32,1,1
649,2,0,1
650,42,1,1
651,21,1,1
652,33,1,1
653,3,1,0
654,10,1,1
655,29,1,1
656,4,1,1
657,1,0,1
658,21,1,1
659,31,0,1
660,34,1,1
661,0,1,1
662,52,0,1
663,17,0,1
664,14,1,1
665,13,1,1
666,13,1,1
667,44,1,1
668,10,1,1
669,13,1,1
670,11,1,0
671,6,0,0
672,10,1,1
673,55,0,1
674,32,1,1
675,37,0,1
676,0,1,1
677,47,0,1
678,10,1,1
679,15,0,1
680,22,0,1
681,41,0,1
682,3,1,1
683,18,0,1
684,10,1,1
685,21,1,1
686,49,1,1
687,33,1,1
688,64,0,1
689,43,1,1
690,45,1,1
691,27,1,1
692,3,1,1
693,12,1,1
694,10,1,1
695,13,1,1
696,21,1,1
697,48,1,1
698,33,1,1
699,53,0,1
700,43,1,1
701,7,1,0
702,29,1,1
703,13,1,1
704,40,1,1
705,7,1,1
706,40,1,1
707,8,0,1
708,6,0,1
709,55,0,1
710,2,0,1
711,37,0,1
712,1,0,1
713,3,1,1
714,18,0,1
715,32,1,1
716,50,1,1
717,31,0,1
718,0,1,1
719,21,1,1
720,17,0,1
721,10,1,1
722,23,0,1
723,6,0,1
724,26,1,1
725,6,0,1
726,37,0,1
727,14,1,1
728,13,1,1
729,30,0,1
730,0,1,1
731,33,1,1
732,18,0,1
733,4,1,1
734,45,1,1
735,42,1,1
736,16,1,1
737,4,1,1
738,43,1,1
739,25,1,1
740,43,1,1
741,43,1,1
742,16,1,1
743,7,1,1
744,13,1,1
745,28,1,1
746,12,1,1
747,21,1,1
748,37,0,1
749,8,0,1
750,3,1,1
751,21,1,1
752,45,1,1
753,1,0,1
754,48,1,1
755,24,1,1
756,16,1,1
757,9,0,1
758,5,1,1
759,18,0,1
760,13,1,1
761,10,1,1
762,42,1,1
763,2,0,1
764,44,1,1
765,42,1,1
766,54,1,1
767,36,0,1
768,48,1,1
769,27,1,1
770,13,1,1
771,40,1,1
772,21,1,1
773,21,1,1
774,32,1,1
775,43,1,1
776,8,0,1
777,30,0,1
778,7,1,1
779,45,1,1
780,7,1,1
781,42,1,1
782,42,1,1
783,17,0,1
784,43,1,1
785,48,1,1
786,0,1,1
787,33,1,1
788,3,1,1
789,5,1,1
790,20,1,1
791,24,1,1
792,18,0,1
793,21,1,1
794,0,1,1
795,41,0,1
796,18,0,1
797,3,1,1
798,0,1,1
799,3,1,1
800,19,1,1
801,20,1,1
802,17,0,1
803,23,0,1
804,24,1,1
805,29,1,1
806,44,1,1
807,10,1,1
808,7,1,1
809,12,1,1
810,48,1,1
811,37,0,1
812,36,0,1
813,44,1,1
814,6,0,0
815,49,1,1
816,0,1,1
817,60,0,1
818,15,0,1
819,29,1,1
820,8,0,1
821,8,0,1
822,23,0,1
823,39,1,1
824,14,1,1
825,25,1,1
826,6,0,1
827,3,1,1
828,48,1,1
829,17,0,1
830,8,0,1
831,45,1,1
832,11,1,1
833,16,1,1
834,16,1,1
835,0,1,1
836,31,0,1
837,12,1,1
838,7,1,1
839,2,0,1
840,33,1,1
841,3,1,1
842,7,1,1
843,5,1,1
844,14,1,1
845,4,1,1
846,27,1,1
847,27,1,1
848,1,0,1
849,38,0,1
850,27,1,1
851,7,1,1
852,23,0,1
853,4,1,1
854,15,0,1
855,37,0,1
856,33,1,1
857,21,1,1
858,1,0,1
859,7,1,1
860,40,1,1
861,14,1,1
862,0,1,1
863,49,1,1
864,43,1,1
865,21,1,1
866,22,0,1
867,44,1,1
868,38,0,1
869,8,0,1
870,14,1,1
871,27,1,1
872,12,1,1
873,44,1,1
874,7,1,1
875,8,0,1
876,1,0,1
877,10,1,1
878,6,0,1
879,54,1,1
880,5,1,0
881,43,1,1
882,27,1,1
883,10,1,1
884,0,1,1
885,58,1,1
886,42,1,1
887,1,0,1
888,17,0,1
889,13,1,1
890,18,0,1
891,47,0,1
892,32,1,1
893,24,1,1
894,21,1,1
895,33,1,1
896,12,1,1
897,38,0,1
898,8,0,1
899,25,1,1
900,1,0,1
901,11,1,1
902,3,1,1
903,12,1,1
904,1,0,1
905,32,1,1
906,24,1,1
907,28,1,1
908,5,1,1
909,16,1,1
910,49,1,1
911,18,0,1
912,0,1,1
913,13,1,1
914,38,0,1
915,11,1,1
916,4,1,1
917,33,1,1
918,5,1,1
919,16,1,1
920,47,0,1
921,15,0,1
922,5,1,1
923,0,1,1
924,2,0,1
925,19,1,1
926,28,1,1
927,13,1,1
928,45,1,1
929,0,1,1
930,0,1,1
931,7,1,1
932,12,1,1
933,7,1,1
934,10,1,1
935,15,0,1
936,5,1,1
937,1,0,1
938,23,0,1
939,6,0,1
940,33,1,1
941,29,1,1
942,3,1,1
943,4,1,1
944,54,1,1
945,11,1,0
946,45,1,1
947,1,0,1
948,28,1,1
949,29,1,1
950,11,1,1
951,28,1,1
952,16,1,1
953,2,0,1
954,50,1,1
955,23,0,1
956,14,1,1
957,34,1,1
958,4,1,1
959,1,0,1
960,31,0,1
961,18,0,1
962,21,1,1
963,12,1,1
964,4,1,1
965,5,1,1
966,0,1,1
967,1,0,1
968,40,1,1
969,29,1,1
970,20,1,1
971,42,1,1
972,6,0,1
973,12,1,1
974,21,1,1
975,1,0,1
976,15,0,1
977,7,1,1
978,44,1,1
979,7,1,1
980,18,0,1
981,27,1,1
982,7,1,0
983,22,0,1
984,37,0,1
985,2,0,1
986,27,1,1
987,7,1,1
988,37,0,1
989,43,1,1
990,21,1,1
991,44,1,1
992,21,1,1
993,10,1,1
994,13,1,1
995,17,0,1
996,18,0,1
997,17,0,1
998,25,1,1
999,8,0,1
