vote,public_key_id,honest,valid
0,0,1,1
1,6,1,1
2,16,0,1
3,2,0,1
4,0,1,1
5,1,0,1
6,0,1,1
7,0,1,1
8,6,1,1
9,9,1,1
10,3,1,1
11,9,1,1
12,3,1,1
13,9,1,1
14,2,0,1
15,15,0,1
16,16,0,1
17,8,0,1
18,6,1,1
19,9,1,1
20,1,0,1
21,8,0,1
22,1,0,1
23,3,1,1
24,8,0,1
25,2,0,1
26,0,1,1
27,1,0,1
28,6,1,1
29,10,0,1
30,6,1,1
31,2,0,1
32,0,1,1
33,8,0,1
34,3,1,1
35,8,0,1
36,0,1,1
37,6,1,1
38,0,1,1
39,9,1,1
40,6,1,1
41,0,1,1
42,2,0,1
43,2,0,1
44,8,0,1
45,9,1,1
46,6,1,1
47,2,0,1
48,3,1,1
49,10,0,1
50,9,1,1
51,6,1,1
52,8,0,1
53,9,1,1
54,0,1,1
55,0,1,1
56,3,1,1
57,6,1,1
58,8,0,1
59,6,1,1
60,9,1,1
61,9,1,1
62,2,0,1
63,14,1,1
64,0,1,1
65,6,1,1
66,8,0,1
67,19,0,1
68,0,1,1
69,6,1,1
70,9,1,1
71,10,0,1
72,6,1,1
73,6,1,1
74,0,1,1
75,9,1,1
76,1,0,1
77,6,1,1
78,9,1,1
79,8,0,1
80,16,0,1
81,9,1,1
82,8,0,1
83,8,0,1
84,9,1,1
85,2,0,1
86,6,1,1
87,2,0,1
88,6,1,1
89,6,1,1
90,9,1,1
91,6,1,1
92,1,0,1
93,16,0,1
94,0,1,1
95,9,1,1
96,0,1,1
97,16,0,1
98,9,1,1
99,8,0,1
100,10,0,1
101,3,1,1
102,8,0,1
103,16,0,1
104,9,1,1
105,2,0,1
106,0,1,1
107,10,0,1
108,0,1,1
109,6,1,1
110,2,0,1
111,2,0,1
112,10,0,1
113,2,0,1
114,6,1,1
115,6,1,1
116,1,0,1
117,6,1,1
118,8,0,1
119,0,1,1
120,9,1,1
121,2,0,1
122,2,0,1
123,1,0,1
124,0,1,1
125,3,1,1
126,1,0,1
127,3,1,1
128,14,1,1
129,1,0,1
130,6,1,1
131,2,0,1
132,9,1,1
133,0,1,1
134,6,1,1
135,9,1,1
136,2,0,1
137,1,0,1
138,0,1,1
139,6,1,1
140,0,1,1
141,6,1,1
142,3,1,1
143,0,1,1
144,5,0,1
145,16,0,1
146,3,1,1
147,10,0,1
148,3,1,1
149,8,0,1
150,2,0,1
151,9,1,1
152,6,1,1
153,6,1,1
154,3,1,1
155,6,1,1
156,9,1,1
157,6,1,1
158,9,1,1
159,18,1,1
160,0,1,1
161,14,1,1
162,6,1,1
163,8,0,1
164,16,0,1
165,2,0,1
166,3,1,1
167,2,0,1
168,9,1,1
169,3,1,1
170,6,1,1
171,16,0,1
172,18,1,1
173,8,0,1
174,0,1,1
175,8,0,1
176,2,0,1
177,8,0,1
178,5,0,1
179,0,1,1
180,3,1,1
181,6,1,1
182,3,1,1
183,0,1,1
184,8,0,1
185,0,1,1
186,8,0,1
187,0,1,1
188,3,1,1
189,2,0,1
190,6,1,1
191,14,1,1
192,0,1,1
193,9,1,1
194,6,1,1
195,6,1,1
196,0,1,1
197,0,1,1
198,9,1,1
199,9,1,1
200,0,1,1
201,0,1,1
202,9,1,1
203,8,0,1
204,10,0,1
205,2,0,1
206,19,0,1
207,8,0,1
208,6,1,1
209,6,1,1
210,2,0,1
211,0,1,1
212,2,0,1
213,3,1,1
214,2,0,1
215,3,1,1
216,6,1,1
217,3,1,1
218,5,0,1
219,6,1,1
220,2,0,1
221,3,1,1
222,6,1,1
223,3,1,1
224,3,1,1
225,0,1,1
226,6,1,1
227,0,1,1
228,9,1,1
229,0,1,1
230,9,1,1
231,9,1,1
232,0,1,1
233,2,0,1
234,0,1,1
235,10,0,1
236,3,1,1
237,6,1,1
238,6,1,1
239,8,0,1
240,2,0,1
241,2,0,1
242,3,1,1
243,9,1,1
244,2,0,1
245,9,1,1
246,9,1,1
247,2,0,1
248,3,1,1
249,9,1,1
250,3,1,1
251,2,0,1
252,1,0,1
253,6,1,1
254,9,1,1
255,9,1,1
256,9,1,1
257,2,0,1
258,9,1,1
259,1,0,1
260,10,0,1
261,2,0,1
262,9,1,1
263,18,1,1
264,9,1,1
265,1,0,1
266,6,1,1
267,1,0,1
268,6,1,1
269,2,0,1
270,0,1,1
271,6,1,1
272,0,1,1
273,8,0,1
274,0,1,1
275,0,1,1
276,0,1,1
277,6,1,1
278,9,1,1
279,9,1,1
280,9,1,1
281,18,1,1
282,3,1,1
283,1,0,1
284,6,1,1
285,6,1,1
286,1,0,1
287,3,1,1
288,8,0,1
289,3,1,1
290,14,1,1
291,3,1,1
292,1,0,1
293,9,1,1
294,8,0,1
295,0,1,1
296,0,1,1
297,10,0,1
298,0,1,1
299,8,0,1
300,0,1,1
301,1,0,1
302,9,1,1
303,6,1,1
304,9,1,1
305,6,1,1
306,9,1,1
307,6,1,1
308,6,1,1
309,6,1,1
310,16,0,1
311,8,0,1
312,16,0,1
313,1,0,1
314,0,1,1
315,9,1,1
316,3,1,1
317,1,0,1
318,16,0,1
319,6,1,1
320,3,1,1
321,3,1,1
322,6,1,1
323,0,1,1
324,15,0,1
325,0,1,1
326,1,0,1
327,9,1,1
328,1,0,1
329,3,1,1
330,0,1,1
331,10,0,1
332,6,1,1
333,10,0,1
334,1,0,1
335,1,0,1
336,8,0,1
337,9,1,1
338,14,1,1
339,0,1,1
340,5,0,1
341,14,1,1
342,8,0,1
343,2,0,1
344,1,0,1
345,1,0,1
346,6,1,1
347,6,1,1
348,3,1,1
349,0,1,1
350,0,1,1
351,1,0,1
352,1,0,1
353,6,1,1
354,9,1,1
355,3,1,1
356,3,1,1
357,9,1,1
358,3,1,1
359,6,1,1
360,16,0,1
361,16,0,1
362,0,1,1
363,9,1,1
364,9,1,1
365,8,0,1
366,8,0,1
367,3,1,1
368,2,0,1
369,5,0,1
370,10,0,1
371,1,0,1
372,0,1,1
373,2,0,1
374,0,1,1
375,9,1,1
376,14,1,1
377,9,1,1
378,3,1,1
379,0,1,1
380,8,0,1
381,3,1,1
382,3,1,1
383,6,1,1
384,2,0,1
385,8,0,1
386,1,0,1
387,9,1,1
388,2,0,1
389,18,1,1
390,9,1,1
391,1,0,1
392,2,0,1
393,6,1,1
394,5,0,1
395,16,0,1
396,3,1,1
397,2,0,1
398,0,1,1
399,6,1,1
400,6,1,1
401,0,1,1
402,0,1,1
403,2,0,1
404,9,1,1
405,3,1,1
406,15,0,1
407,8,0,1
408,6,1,1
409,6,1,1
410,10,0,1
411,1,0,1
412,9,1,1
413,10,0,1
414,9,1,1
415,0,1,1
416,10,0,1
417,6,1,1
418,16,0,1
419,0,1,1
420,1,0,1
421,2,0,1
422,16,0,1
423,0,1,1
424,3,1,1
425,6,1,1
426,6,1,1
427,6,1,1
428,0,1,1
429,0,1,1
430,18,1,1
431,19,0,1
432,9,1,1
433,8,0,1
434,6,1,1
435,6,1,1
436,18,1,1
437,9,1,1
438,14,1,1
439,18,1,1
440,1,0,1
441,3,1,1
442,16,0,1
443,9,1,1
444,10,0,1
445,0,1,1
446,10,0,1
447,9,1,1
448,15,0,1
449,9,1,1
450,9,1,1
451,0,1,1
452,0,1,1
453,6,1,1
454,9,1,1
455,9,1,1
456,6,1,1
457,0,1,1
458,6,1,1
459,9,1,1
460,5,0,1
461,9,1,1
462,8,0,1
463,8,0,1
464,15,0,1
465,0,1,1
466,1,0,1
467,3,1,1
468,14,1,1
469,0,1,1
470,6,1,1
471,3,1,1
472,1,0,1
473,3,1,1
474,2,0,1
475,0,1,1
476,9,1,1
477,0,1,1
478,9,1,1
479,6,1,1
480,6,1,1
481,1,0,1
482,16,0,1
483,1,0,1
484,9,1,1
485,0,1,1
486,1,0,1
487,6,1,1
488,9,1,1
489,10,0,1
490,6,1,1
491,3,1,1
492,19,0,1
493,10,0,1
494,0,1,1
495,19,0,1
496,9,1,1
497,6,1,1
498,2,0,1
499,1,0,1
500,9,1,1
501,6,1,1
502,3,1,1
503,0,1,1
504,16,0,1
505,2,0,1
506,9,1,1
507,9,1,1
508,9,1,1
509,6,1,1
510,9,1,1
511,1,0,1
512,2,0,1
513,2,0,1
514,9,1,1
515,9,1,1
516,2,0,1
517,6,1,1
518,10,0,1
519,8,0,1
520,6,1,1
521,8,0,1
522,16,0,1
523,16,0,1
524,0,1,1
525,1,0,1
526,6,1,1
527,1,0,1
528,6,1,1
529,16,0,1
530,19,0,1
531,9,1,1
532,16,0,1
533,3,1,1
534,0,1,1
535,16,0,1
536,2,0,1
537,2,0,1
538,1,0,1
539,2,0,1
540,3,1,1
541,0,1,1
542,9,1,1
543,16,0,1
544,9,1,1
545,16,0,1
546,8,0,1
547,9,1,1
548,9,1,1
549,3,1,1
550,9,1,1
551,6,1,1
552,6,1,1
553,14,1,1
554,3,1,1
555,9,1,1
556,6,1,1
557,3,1,1
558,9,1,1
559,6,1,1
560,8,0,1
561,0,1,1
562,0,1,1
563,3,1,1
564,10,0,1
565,8,0,1
566,0,1,1
567,2,0,1
568,8,0,1
569,6,1,1
570,0,1,1
571,6,1,1
572,2,0,1
573,6,1,1
574,1,0,1
575,6,1,1
576,8,0,1
577,3,1,1
578,8,0,1
579,10,0,1
580,3,1,1
581,9,1,1
582,0,1,1
583,0,1,1
584,8,0,1
585,0,1,1
586,6,1,1
587,0,1,1
588,1,0,1
589,10,0,1
590,0,1,1
591,3,1,1
592,6,1,1
593,6,1,1
594,6,1,1
595,14,1,1
596,3,1,1
597,2,0,1
598,0,1,1
599,6,1,1
600,9,1,1
601,0,1,1
602,0,1,1
603,1,0,1
604,0,1,1
605,0,1,1
606,9,1,1
607,18,1,1
608,3,1,1
609,6,1,1
610,0,1,1
611,0,1,1
612,14,1,1
613,8,0,1
614,9,1,1
615,8,0,1
616,10,0,1
617,6,1,1
618,6,1,1
619,19,0,1
620,6,1,1
621,2,0,1
622,14,1,1
623,0,1,1
624,3,1,1
625,1,0,1
626,2,0,1
627,0,1,1
628,1,0,1
629,0,1,1
630,0,1,1
631,3,1,1
632,10,0,1
633,2,0,1
634,0,1,1
635,0,1,1
636,9,1,1
637,6,1,1
638,2,0,1
639,5,0,1
640,2,0,1
641,9,1,1
642,9,1,1
643,0,1,1
644,0,1,1
645,2,0,1
646,14,1,1
647,0,1,1
648,0,1,1
649,1,0,1
650,2,0,1
651,9,1,1
652,6,1,1
653,6,1,1
654,0,1,1
655,16,0,1
656,6,1,1
657,6,1,1
658,16,0,1
659,8,0,1
660,10,0,1
661,14,1,1
662,6,1,1
663,3,1,1
664,15,0,1
665,0,1,1
666,6,1,1
667,8,0,1
668,3,1,1
669,0,1,1
670,19,0,1
671,0,1,1
672,1,0,1
673,9,1,1
674,9,1,1
675,9,1,1
676,15,0,1
677,8,0,1
678,3,1,1
679,5,0,1
680,8,0,1
681,6,1,1
682,8,0,1
683,2,0,1
684,10,0,1
685,0,1,1
686,16,0,1
687,6,1,1
688,1,0,1
689,2,0,1
690,3,1,1
691,6,1,1
692,0,1,1
693,6,1,1
694,6,1,1
695,16,0,1
696,1,0,1
697,1,0,1
698,14,1,1
699,0,1,1
700,9,1,1
701,1,0,1
702,3,1,1
703,8,0,1
704,10,0,1
705,9,1,1
706,6,1,1
707,6,1,1
708,9,1,1
709,8,0,1
710,6,1,1
711,3,1,1
712,3,1,1
713,0,1,1
714,16,0,1
715,0,1,1
716,8,0,1
717,2,0,1
718,9,1,1
719,6,1,1
720,2,0,1
721,9,1,1
722,0,1,1
723,6,1,1
724,10,0,1
725,1,0,1
726,1,0,1
727,6,1,1
728,2,0,1
729,10,0,1
730,15,0,1
731,6,1,1
732,9,1,1
733,6,1,1
734,0,1,1
735,6,1,1
736,0,1,1
737,1,0,1
738,16,0,1
739,15,0,1
740,1,0,1
741,10,0,1
742,6,1,1
743,8,0,1
744,0,1,1
745,0,1,1
746,9,1,1
747,2,0,1
748,2,0,1
749,0,1,1
750,9,1,1
751,0,1,1
752,0,1,1
753,9,1,1
754,3,1,1
755,16,0,1
756,6,1,1
757,9,1,1
758,1,0,1
759,2,0,1
760,6,1,1
761,2,0,1
762,6,1,1
763,8,0,1
764,3,1,1
765,0,1,1
766,0,1,1
767,14,1,1
768,2,0,1
769,9,1,1
770,6,1,1
771,0,1,1
772,3,1,1
773,2,0,1
774,9,1,1
775,2,0,1
776,10,0,1
777,6,1,1
778,1,0,1
779,9,1,1
780,2,0,1
781,1,0,1
782,9,1,1
783,2,0,1
784,3,1,1
785,6,1,1
786,3,1,1
787,0,1,1
788,10,0,1
789,16,0,1
790,3,1,1
791,9,1,1
792,0,1,1
793,9,1,1
794,3,1,1
795,6,1,1
796,3,1,1
797,9,1,1
798,2,0,1
799,6,1,1
