vote,public_key_id,honest,valid
0,37,1,1
1,21,1,1
2,21,1,1
3,24,0,1
4,30,1,1
5,11,1,1
6,27,0,1
7,3,0,0
8,14,1,1
9,12,1,1
10,4,0,1
11,13,0,1
12,17,1,1
13,9,1,1
14,28,0,1
15,32,1,1
16,5,1,0
17,19,0,1
18,37,1,1
19,16,1,1
20,23,1,1
21,44,1,1
22,3,0,1
23,0,1,1
24,44,1,1
25,28,0,1
26,14,1,1
27,11,1,1
28,16,1,1
29,27,0,1
30,18,0,1
31,10,1,1
32,15,0,1
33,12,1,1
34,21,1,1
35,29,1,1
36,9,1,1
37,28,0,1
38,10,1,1
39,21,1,1
40,10,1,1
41,23,1,1
42,24,0,1
43,23,1,1
44,23,1,1
45,60,1,1
46,6,1,1
47,21,1,1
48,9,1,1
49,7,1,1
50,14,1,1
51,8,1,1
52,26,0,1
53,6,1,1
54,24,0,1
55,54,1,1
56,26,0,1
57,21,1,1
58,8,1,1
59,4,0,1
60,21,1,1
61,6,1,1
62,23,1,1
63,5,1,1
64,0,1,1
65,6,1,1
66,15,0,1
67,4,0,1
68,45,1,1
69,45,1,1
70,29,1,1
71,27,0,1
72,11,1,1
73,25,0,1
74,15,0,1
75,23,1,1
76,20,1,1
77,28,0,1
78,32,1,1
79,0,1,1
80,4,0,1
81,16,1,1
82,7,1,1
83,3,0,1
84,0,1,1
85,6,1,1
86,49,1,1
87,48,1,1
88,10,1,1
89,21,1,1
90,27,0,1
91,2,1,1
92,27,0,1
93,37,1,1
94,48,1,1
95,42,1,1
96,33,0,1
97,12,1,1
98,45,1,1
99,23,1,1
100,24,0,1
101,45,1,1
102,25,0,1
103,31,1,1
104,21,1,1
105,17,1,1
106,33,0,1
107,4,0,1
108,3,0,1
109,17,1,1
110,7,1,1
111,2,1,1
112,1,1,1
113,8,1,1
114,13,0,1
115,12,1,1
116,39,1,1
117,0,1,1
118,13,0,1
119,4,0,1
120,0,1,1
121,16,1,1
122,14,1,1
123,14,1,1
124,0,1,1
125,43,0,1
126,1,1,1
127,42,1,1
128,43,0,1
129,1,1,1
130,22,0,1
131,3,0,1
132,9,1,1
133,20,1,1
134,27,0,1
135,8,1,1
136,13,0,1
137,20,1,1
138,48,1,1
139,25,0,1
140,8,1,1
141,23,1,1
142,2,1,1
143,11,1,1
144,27,0,1
145,2,1,1
146,20,1,1
147,45,1,1
148,20,1,1
149,22,0,1
150,12,1,1
151,13,0,1
152,45,1,1
153,28,0,1
154,44,1,1
155,8,1,1
156,18,0,1
157,10,1,1
158,25,0,1
159,57,0,1
160,18,0,1
161,27,0,1
162,39,1,1
163,39,1,1
164,23,1,1
165,21,1,1
166,35,0,1
167,4,0,1
168,7,1,1
169,27,0,1
170,27,0,1
171,10,1,1
172,23,1,1
173,0,1,1
174,43,0,1
175,34,1,1
176,5,1,1
177,32,1,1
178,13,0,1
179,1,1,0
180,14,1,1
181,0,1,1
182,33,0,1
183,21,1,1
184,21,1,1
185,27,0,1
186,30,1,1
187,48,1,1
188,27,0,1
189,16,1,1
190,47,1,1
191,44,1,1
192,37,1,1
193,11,1,1
194,9,1,1
195,43,0,1
196,6,1,1
197,7,1,1
198,18,0,1
199,21,1,1
200,6,1,1
201,12,1,1
202,29,1,1
203,3,0,1
204,40,1,1
205,11,1,1
206,7,1,1
207,21,1,1
208,21,1,1
209,23,1,1
210,20,1,1
211,32,1,1
212,33,0,1
213,40,1,1
214,10,1,1
215,28,0,1
216,51,1,1
217,14,1,1
218,9,1,1
219,16,1,1
220,15,0,1
221,55,0,1
222,18,0,1
223,0,1,1
224,50,1,1
225,0,1,1
226,32,1,1
227,13,0,1
228,3,0,1
229,7,1,1
230,61,1,1
231,43,0,1
232,24,0,1
233,3,0,1
234,7,1,1
235,2,1,1
236,7,1,1
237,43,0,1
238,4,0,1
239,4,0,1
240,15,0,1
241,0,1,1
242,14,1,1
243,43,0,1
244,0,1,1
245,11,1,1
246,48,1,1
247,29,1,1
248,21,1,1
249,32,1,1
250,42,1,1
251,21,1,1
252,37,1,1
253,7,1,1
254,24,0,1
255,32,1,1
256,31,1,1
257,6,1,1
258,14,1,1
259,5,1,1
260,21,1,1
261,22,0,1
262,11,1,1
263,7,1,1
264,8,1,1
265,13,0,1
266,3,0,1
267,47,1,1
268,16,1,1
269,27,0,1
270,0,1,0
271,22,0,1
272,6,1,1
273,31,1,1
274,29,1,1
275,49,1,1
276,14,1,1
277,23,1,1
278,21,1,1
279,37,1,1
280,25,0,1
281,39,1,1
282,23,1,1
283,2,1,1
284,37,1,1
285,3,0,1
286,14,1,1
287,58,1,1
288,1,1,0
289,19,0,1
290,10,1,1
291,21,1,1
292,25,0,1
293,21,1,1
294,21,1,1
295,33,0,1
296,40,1,1
297,8,1,1
298,1,1,1
299,13,0,1
300,10,1,1
301,63,1,1
302,18,0,1
303,32,1,1
304,10,1,1
305,13,0,1
306,1,1,1
307,0,1,1
308,5,1,1
309,21,1,1
310,43,0,1
311,18,0,1
312,2,1,1
313,15,0,1
314,23,1,1
315,18,0,1
316,1,1,1
317,14,1,1
318,4,0,0
319,6,1,1
320,0,1,1
321,10,1,1
322,17,1,1
323,12,1,1
324,14,1,1
325,12,1,1
326,18,0,1
327,17,1,1
328,22,0,1
329,25,0,1
330,28,0,1
331,22,0,1
332,45,1,1
333,7,1,1
334,37,1,1
335,5,1,1
336,42,1,1
337,45,1,1
338,32,1,1
339,7,1,1
340,20,1,1
341,6,1,1
342,48,1,1
343,15,0,1
344,6,1,1
345,21,1,1
346,42,1,1
347,12,1,1
348,19,0,1
349,42,1,1
350,21,1,1
351,13,0,1
352,32,1,1
353,18,0,1
354,25,0,1
355,4,0,1
356,44,1,1
357,33,0,1
358,7,1,1
359,27,0,1
360,11,1,1
361,10,1,1
362,25,0,1
363,45,1,1
364,15,0,1
365,2,1,0
366,2,1,1
367,2,1,1
368,7,1,1
369,25,0,1
370,19,0,1
371,49,1,1
372,49,1,1
373,14,1,1
374,21,1,1
375,14,1,1
376,13,0,1
377,20,1,1
378,45,1,1
379,40,1,1
380,33,0,1
381,17,1,1
382,44,1,1
383,10,1,1
384,5,1,1
385,13,0,1
386,23,1,1
387,25,0,1
388,10,1,1
389,22,0,1
390,21,1,1
391,6,1,1
392,1,1,1
393,42,1,1
394,17,1,1
395,7,1,1
396,0,1,1
397,11,1,1
398,11,1,1
399,13,0,1
400,32,1,1
401,14,1,1
402,13,0,1
403,39,1,1
404,7,1,1
405,41,0,1
406,25,0,1
407,8,1,1
408,32,1,1
409,1,1,0
410,13,0,1
411,16,1,1
412,60,1,1
413,10,1,1
414,19,0,1
415,7,1,1
416,48,1,1
417,32,1,1
418,27,0,1
419,9,1,1
420,11,1,1
421,5,1,1
422,6,1,1
423,44,1,1
424,2,1,1
425,6,1,1
426,9,1,1
427,24,0,1
428,7,1,1
429,37,1,1
430,37,1,1
431,56,0,1
432,15,0,1
433,13,0,1
434,34,1,1
435,40,1,1
436,20,1,1
437,12,1,1
438,1,1,1
439,29,1,1
440,26,0,1
441,22,0,1
442,1,1,1
443,7,1,1
444,16,1,1
445,45,1,1
446,7,1,1
447,2,1,1
448,9,1,1
449,1,1,1
450,26,0,1
451,14,1,1
452,33,0,1
453,7,1,1
454,42,1,1
455,37,1,1
456,6,1,1
457,2,1,1
458,14,1,1
459,32,1,1
460,43,0,1
461,7,1,1
462,21,1,1
463,12,1,1
464,6,1,1
465,40,1,1
466,18,0,1
467,2,1,1
468,41,0,1
469,24,0,1
470,11,1,1
471,20,1,1
472,33,0,1
473,34,1,1
474,4,0,1
475,22,0,1
476,29,1,1
477,39,1,1
478,39,1,1
479,16,1,1
480,6,1,1
481,1,1,1
482,32,1,1
483,7,1,1
484,17,1,1
485,27,0,1
486,13,0,1
487,9,1,1
488,43,0,1
489,29,1,1
490,10,1,1
491,27,0,1
492,21,1,1
493,0,1,1
494,25,0,1
495,17,1,1
496,6,1,1
497,16,1,1
498,13,0,1
499,42,1,1
500,55,0,1
501,9,1,1
502,9,1,1
503,3,0,1
504,43,0,1
505,39,1,1
506,0,1,1
507,24,0,1
508,37,1,1
509,20,1,1
510,33,0,1
511,10,1,1
512,53,0,1
513,4,0,1
514,6,1,1
515,3,0,1
516,49,1,1
517,42,1,1
518,21,1,1
519,21,1,1
520,0,1,1
521,31,1,1
522,0,1,1
523,10,1,1
524,28,0,1
525,40,1,1
526,7,1,1
527,21,1,1
528,29,1,1
529,10,1,1
530,37,1,1
531,29,1,1
532,10,1,1
533,21,1,1
534,41,0,1
535,2,1,1
536,1,1,1
537,29,1,1
538,40,1,1
539,6,1,1
540,8,1,1
541,17,1,1
542,31,1,1
543,14,1,1
544,13,0,1
545,5,1,1
546,5,1,1
547,18,0,1
548,25,0,1
549,10,1,1
550,23,1,1
551,27,0,1
552,32,1,1
553,17,1,1
554,7,1,1
555,10,1,1
556,32,1,1
557,37,1,1
558,37,1,1
559,46,1,1
560,50,1,1
561,0,1,1
562,4,0,1
563,42,1,1
564,28,0,1
565,4,0,1
566,1,1,1
567,29,1,1
568,4,0,1
569,37,1,1
570,52,0,1
571,30,1,1
572,28,0,1
573,32,1,1
574,10,1,1
575,10,1,1
576,16,1,1
577,32,1,1
578,33,0,1
579,14,1,1
580,62,0,1
581,10,1,1
582,23,1,1
583,20,1,1
584,45,1,1
585,32,1,1
586,4,0,1
587,29,1,1
588,15,0,1
589,22,0,1
590,23,1,1
591,2,1,1
592,55,0,1
593,27,0,1
594,8,1,1
595,10,1,1
596,4,0,1
597,0,1,1
598,28,0,1
599,1,1,1
600,45,1,1
601,1,1,1
602,5,1,1
603,13,0,1
604,37,1,1
605,28,0,1
606,49,1,1
607,11,1,1
608,19,0,1
609,8,1,1
610,21,1,1
611,59,1,1
612,9,1,1
613,19,0,1
614,0,1,1
615,15,0,1
616,5,1,1
617,0,1,1
618,32,1,1
619,0,1,1
620,37,1,1
621,40,1,1
622,29,1,1
623,21,1,1
624,10,1,1
625,6,1,1
626,64,0,1
627,14,1,1
628,2,1,0
629,20,1,1
630,18,0,1
631,44,1,1
632,44,1,1
633,12,1,1
634,15,0,1
635,8,1,1
636,0,1,1
637,17,1,1
638,37,1,1
639,21,1,1
640,43,0,1
641,24,0,1
642,43,0,1
643,34,1,1
644,3,0,1
645,11,1,1
646,21,1,1
647,9,1,1
648,48,1,1
649,13,0,1
650,40,1,1
651,21,1,1
652,8,1,1
653,14,1,1
654,44,1,1
655,10,1,1
656,20,1,1
657,42,1,1
658,8,1,1
659,15,0,1
660,57,0,1
661,10,1,1
662,39,1,1
663,7,1,1
664,2,1,1
665,5,1,1
666,16,1,1
667,9,1,1
668,41,0,1
669,8,1,1
670,6,1,1
671,43,0,1
672,31,1,1
673,25,0,1
674,21,1,1
675,12,1,1
676,14,1,1
677,3,0,1
678,14,1,1
679,23,1,1
680,4,0,1
681,33,0,1
682,39,1,1
683,10,1,1
684,33,0,1
685,2,1,1
686,14,1,1
687,4,0,1
688,28,0,1
689,21,1,1
690,43,0,1
691,15,0,1
692,17,1,1
693,20,1,1
694,41,0,1
695,32,1,1
696,10,1,1
697,17,1,1
698,44,1,1
699,62,0,1
700,7,1,1
701,33,0,1
702,37,1,1
703,17,1,1
704,17,1,1
705,29,1,1
706,9,1,1
707,23,1,1
708,9,1,1
709,24,0,1
710,4,0,1
711,38,0,1
712,40,1,1
713,34,1,1
714,43,0,1
715,24,0,1
716,43,0,1
717,24,0,1
718,55,0,1
719,23,1,1
720,0,1,1
721,45,1,1
722,31,1,1
723,3,0,1
724,12,1,1
725,48,1,1
726,7,1,1
727,43,0,1
728,6,1,1
729,28,0,1
730,33,0,1
731,34,1,1
732,18,0,1
733,10,1,1
734,5,1,1
735,3,0,1
736,3,0,1
737,23,1,1
738,48,1,1
739,47,1,1
740,29,1,1
741,1,1,1
742,0,1,1
743,41,0,1
744,2,1,1
745,42,1,1
746,6,1,1
747,23,1,1
748,21,1,1
749,24,0,1
750,16,1,1
751,23,1,1
752,13,0,1
753,38,0,1
754,45,1,1
755,29,1,1
756,1,1,1
757,2,1,1
758,19,0,1
759,40,1,1
760,6,1,1
761,49,1,1
762,18,0,1
763,17,1,1
764,28,0,1
765,12,1,1
766,44,1,1
767,36,0,1
768,7,1,1
769,44,1,1
770,2,1,1
771,48,1,1
772,0,1,1
773,4,0,0
774,12,1,1
775,10,1,1
776,0,1,1
777,16,1,1
778,0,1,1
779,4,0,1
780,15,0,1
781,48,1,1
782,7,1,1
783,4,0,1
784,9,1,1
785,7,1,1
786,14,1,1
787,1,1,1
788,16,1,1
789,0,1,1
790,43,0,1
791,18,0,1
792,10,1,1
793,16,1,1
794,3,0,1
795,5,1,1
796,36,0,1
797,48,1,1
798,7,1,1
799,13,0,1
800,21,1,1
801,15,0,1
802,21,1,1
803,28,0,1
804,5,1,1
805,3,0,1
806,33,0,1
807,39,1,1
808,7,1,1
809,20,1,1
810,25,0,1
811,23,1,1
812,28,0,1
813,11,1,1
814,21,1,1
815,16,1,1
816,23,1,1
817,37,1,1
818,42,1,1
819,33,0,1
820,32,1,1
821,31,1,1
822,1,1,1
823,7,1,1
824,24,0,1
825,12,1,1
826,18,0,1
827,27,0,1
828,42,1,1
829,14,1,1
830,7,1,1
831,28,0,1
832,21,1,1
833,37,1,1
834,20,1,1
835,33,0,1
836,23,1,1
837,0,1,1
838,23,1,1
839,42,1,1
840,54,1,1
841,1,1,1
842,7,1,1
843,8,1,1
844,49,1,1
845,5,1,1
846,4,0,1
847,48,1,1
848,6,1,1
849,42,1,1
850,1,1,1
851,6,1,1
852,9,1,1
853,14,1,1
854,45,1,1
855,44,1,1
856,1,1,1
857,40,1,1
858,43,0,1
859,9,1,1
860,31,1,1
861,17,1,1
862,21,1,1
863,45,1,1
864,21,1,1
865,22,0,1
866,8,1,1
867,44,1,1
868,28,0,1
869,38,0,1
870,14,1,1
871,12,1,1
872,44,1,1
873,7,1,1
874,1,1,1
875,47,1,1
876,10,1,1
877,13,0,1
878,54,1,1
879,5,1,0
880,1,1,1
881,3,0,1
882,28,0,1
883,10,1,1
884,8,1,1
885,0,1,1
886,58,1,1
887,42,1,1
888,26,0,1
889,18,0,1
890,25,0,1
891,32,1,1
892,21,1,1
893,12,1,1
894,38,0,1
895,28,0,1
896,43,0,1
897,11,1,1
898,12,1,1
899,32,1,1
900,27,0,1
901,5,1,1
902,16,1,1
903,49,1,1
904,18,0,1
905,13,0,1
906,0,1,1
907,23,1,1
908,43,0,1
909,38,0,1
910,23,1,1
911,11,1,1
912,33,0,1
913,23,1,1
914,5,1,1
915,16,1,1
916,15,0,1
917,4,0,1
918,5,1,1
919,0,1,1
920,23,1,1
921,33,0,1
922,31,1,1
923,17,1,1
924,45,1,1
925,0,1,1
926,0,1,1
927,7,1,1
928,62,0,1
929,12,1,1
930,7,1,1
931,28,0,1
932,10,1,1
933,24,0,1
934,15,0,1
935,5,1,1
936,24,0,1
937,28,0,1
938,13,0,1
939,29,1,1
940,27,0,1
941,54,1,1
942,11,1,1
943,45,1,1
944,26,0,1
945,1,1,1
946,29,1,1
947,11,1,1
948,27,0,1
949,16,1,1
950,3,0,1
951,50,1,1
952,3,0,1
953,8,1,1
954,4,0,1
955,47,1,1
956,14,1,1
957,34,1,1
958,3,0,1
959,18,0,1
960,21,1,1
961,12,1,1
962,5,1,1
963,24,0,1
964,0,1,1
965,40,1,1
966,29,1,1
967,27,0,1
968,20,1,1
969,42,1,1
970,13,0,1
971,25,0,1
972,12,1,1
973,21,1,1
974,13,0,1
975,15,0,1
976,23,1,1
977,7,1,1
978,44,1,1
979,7,1,1
980,18,0,1
981,8,1,1
982,23,1,1
983,7,1,1
984,22,0,1
985,2,1,1
986,7,1,1
987,8,1,1
988,31,1,1
989,24,0,1
990,17,1,1
991,21,1,1
992,44,1,1
993,17,1,1
994,21,1,1
995,10,1,1
996,23,1,1
997,2,1,1
998,18,0,1
999,28,0,1
