vote,public_key_id,honest,valid
0,37,1,1
1,45,0,1
2,15,1,1
3,21,1,1
4,21,1,1
5,30,1,1
6,4,1,1
7,57,1,1
8,14,1,1
9,12,1,1
10,18,1,1
11,9,0,1
12,13,0,1
13,42,0,1
14,9,0,1
15,17,1,1
16,42,0,1
17,6,0,1
18,19,1,1
19,4,1,1
20,7,0,1
21,25,1,1
22,27,1,1
23,32,1,1
24,5,1,0
25,23,0,1
26,7,0,1
27,37,1,1
28,16,1,1
29,44,0,1
30,23,0,1
31,28,1,1
32,0,1,1
33,14,1,1
34,3,1,1
35,16,1,1
36,7,0,1
37,11,0,1
38,28,1,1
39,10,1,1
40,44,0,1
41,12,1,1
42,21,1,1
43,23,0,1
44,29,1,1
45,9,0,1
46,18,1,1
47,10,1,1
48,21,1,1
49,10,1,1
50,7,0,1
51,4,1,1
52,60,1,1
53,25,1,1
54,45,0,1
55,21,1,1
56,14,1,1
57,8,1,1
58,26,0,1
59,11,0,1
60,3,1,1
61,62,1,1
62,53,1,1
63,7,0,1
64,54,1,1
65,26,0,1
66,21,1,1
67,8,1,1
68,21,1,1
69,5,1,1
70,0,1,1
71,9,0,1
72,4,1,1
73,7,0,1
74,29,1,1
75,44,0,1
76,23,0,1
77,18,1,1
78,24,1,1
79,20,1,1
80,45,0,1
81,32,1,1
82,0,1,1
83,51,0,1
84,16,1,1
85,25,1,1
86,0,1,1
87,23,0,1
88,49,1,1
89,48,1,1
90,27,1,1
91,9,0,1
92,10,1,1
93,6,0,1
94,21,1,1
95,2,1,1
96,37,1,1
97,48,1,1
98,23,0,1
99,33,0,1
100,12,1,1
101,6,0,1
102,3,1,1
103,11,0,1
104,31,1,1
105,21,1,1
106,17,1,1
107,33,0,1
108,15,1,1
109,42,0,1
110,17,1,1
111,2,1,1
112,25,1,1
113,1,1,1
114,8,1,1
115,18,1,1
116,13,0,1
117,12,1,1
118,39,1,1
119,3,1,1
120,28,1,1
121,23,0,1
122,0,1,1
123,13,0,1
124,0,1,1
125,16,1,1
126,9,0,1
127,7,0,1
128,6,0,1
129,14,1,1
130,14,1,1
131,0,1,1
132,43,0,1
133,1,1,1
134,24,1,1
135,43,0,1
136,1,1,1
137,55,1,1
138,7,0,1
139,20,1,1
140,44,0,1
141,8,1,1
142,7,0,1
143,13,0,1
144,20,1,1
145,48,1,1
146,6,0,1
147,8,1,1
148,2,1,1
149,45,0,1
150,2,1,1
151,20,1,1
152,3,1,1
153,20,1,1
154,45,0,1
155,12,1,1
156,13,0,1
157,8,1,1
158,10,1,1
159,39,1,1
160,39,1,1
161,21,1,1
162,35,0,1
163,47,0,1
164,25,1,1
165,27,1,1
166,23,0,1
167,10,1,1
168,0,1,1
169,43,0,1
170,11,0,1
171,34,1,1
172,5,1,1
173,32,1,1
174,13,0,1
175,1,1,1
176,14,1,1
177,0,1,1
178,33,0,1
179,11,0,1
180,44,0,1
181,18,1,1
182,21,1,1
183,21,1,1
184,9,0,1
185,3,1,1
186,30,1,1
187,48,1,1
188,16,1,1
189,44,0,1
190,4,1,1
191,37,1,1
192,43,0,1
193,27,1,1
194,44,0,1
195,21,1,1
196,22,1,1
197,22,1,1
198,12,1,1
199,29,1,1
200,40,1,1
201,45,0,1
202,21,1,1
203,23,0,1
204,6,0,1
205,21,1,1
206,20,1,1
207,32,1,1
208,7,0,1
209,7,0,1
210,33,0,1
211,9,0,1
212,40,1,1
213,10,1,1
214,14,1,1
215,16,1,1
216,0,1,1
217,25,1,1
218,11,0,1
219,50,1,1
220,23,0,1
221,0,1,1
222,32,1,1
223,13,0,1
224,28,1,1
225,9,0,1
226,61,1,1
227,43,0,1
228,24,1,1
229,2,1,1
230,9,0,1
231,7,0,1
232,43,0,1
233,25,1,1
234,24,1,1
235,27,1,1
236,0,1,1
237,25,1,1
238,14,1,1
239,11,0,1
240,15,1,1
241,43,0,1
242,15,1,1
243,0,1,1
244,25,1,1
245,48,1,1
246,29,1,1
247,22,1,1
248,11,0,1
249,0,1,1
250,9,0,1
251,37,1,1
252,44,0,1
253,4,1,1
254,11,0,1
255,16,1,1
256,23,0,1
257,14,1,1
258,3,1,1
259,14,1,1
260,32,1,1
261,29,1,1
262,3,1,1
263,10,1,1
264,10,1,1
265,21,1,1
266,15,1,1
267,2,1,1
268,21,1,1
269,15,1,1
270,23,0,1
271,14,1,1
272,18,1,1
273,20,1,1
274,44,0,1
275,12,1,1
276,4,1,1
277,28,1,1
278,18,1,1
279,28,1,1
280,49,1,1
281,2,1,1
282,23,0,1
283,28,1,1
284,44,0,1
285,21,1,1
286,32,1,1
287,14,1,1
288,21,1,1
289,24,1,1
290,31,1,1
291,32,1,1
292,13,0,1
293,9,0,1
294,9,0,1
295,13,0,1
296,7,0,1
297,12,1,1
298,24,1,1
299,28,1,1
300,10,1,1
301,7,0,1
302,28,1,1
303,48,1,1
304,6,0,1
305,6,0,1
306,13,0,1
307,39,1,1
308,2,1,1
309,7,0,1
310,32,1,1
311,8,1,1
312,21,1,1
313,28,1,1
314,7,0,1
315,49,1,1
316,0,1,1
317,11,0,1
318,9,0,1
319,2,1,1
320,1,1,1
321,7,0,1
322,33,0,1
323,10,1,1
324,7,0,1
325,8,1,1
326,19,1,1
327,5,1,1
328,27,1,1
329,37,1,1
330,21,1,1
331,7,0,1
332,10,1,1
333,32,1,1
334,13,0,1
335,23,0,1
336,4,1,1
337,2,1,0
338,44,0,1
339,55,1,1
340,7,0,1
341,17,1,1
342,17,1,1
343,9,0,1
344,7,0,1
345,25,1,1
346,45,0,1
347,21,1,1
348,1,1,1
349,45,0,1
350,21,1,1
351,24,1,1
352,5,1,1
353,25,1,1
354,23,0,1
355,40,1,1
356,42,0,1
357,14,1,1
358,58,1,1
359,9,0,1
360,5,1,1
361,28,1,1
362,22,1,1
363,12,1,1
364,23,0,1
365,1,1,1
366,21,1,1
367,27,1,1
368,14,1,1
369,23,0,1
370,23,0,1
371,37,1,1
372,1,1,1
373,14,1,1
374,42,0,1
375,6,0,1
376,37,1,1
377,27,1,1
378,13,0,1
379,63,1,1
380,33,0,1
381,0,1,1
382,21,1,1
383,49,1,1
384,43,0,1
385,31,1,1
386,19,1,1
387,21,1,1
388,27,1,1
389,20,1,1
390,24,1,1
391,40,1,1
392,33,0,1
393,42,0,1
394,17,1,1
395,10,1,1
396,5,1,1
397,42,0,1
398,3,1,1
399,13,0,1
400,4,1,1
401,10,1,1
402,21,1,1
403,6,0,1
404,1,1,1
405,17,1,1
406,45,0,1
407,0,1,1
408,13,0,1
409,32,1,1
410,14,1,1
411,13,0,1
412,39,1,1
413,11,0,1
414,41,0,1
415,8,1,1
416,32,1,1
417,1,1,1
418,13,0,1
419,16,1,1
420,60,1,1
421,10,1,1
422,48,1,1
423,32,1,1
424,9,0,1
425,7,0,1
426,5,1,1
427,24,1,1
428,2,1,1
429,55,1,1
430,37,1,1
431,37,1,1
432,13,0,1
433,34,1,1
434,47,0,1
435,4,1,1
436,7,0,1
437,40,1,1
438,20,1,1
439,11,0,1
440,28,1,1
441,12,1,1
442,1,1,1
443,29,1,1
444,26,0,1
445,3,1,1
446,1,1,1
447,7,0,1
448,16,1,1
449,9,0,1
450,2,1,1
451,1,1,1
452,26,0,1
453,14,1,1
454,33,0,1
455,4,1,1
456,11,0,1
457,28,1,1
458,37,1,1
459,2,1,1
460,14,1,1
461,32,1,1
462,43,0,1
463,21,1,1
464,12,1,1
465,7,0,1
466,40,1,1
467,24,1,1
468,6,0,1
469,2,1,1
470,41,0,1
471,15,1,1
472,20,1,1
473,33,0,1
474,34,1,1
475,28,1,1
476,29,1,1
477,39,1,1
478,39,1,1
479,4,1,1
480,19,1,1
481,16,1,1
482,1,1,1
483,32,1,1
484,28,1,1
485,17,1,1
486,13,0,1
487,27,1,1
488,18,1,1
489,23,0,1
490,15,1,1
491,43,0,1
492,11,0,1
493,29,1,1
494,10,1,1
495,21,1,1
496,0,1,1
497,25,1,1
498,17,1,1
499,16,1,1
500,13,0,1
501,4,1,1
502,23,0,1
503,43,0,1
504,42,0,1
505,39,1,1
506,0,1,1
507,57,1,1
508,37,1,1
509,20,1,1
510,33,0,1
511,10,1,1
512,16,1,1
513,8,1,1
514,10,1,1
515,34,1,1
516,18,1,1
517,25,1,1
518,44,0,1
519,19,1,1
520,10,1,1
521,64,1,1
522,21,1,1
523,14,1,1
524,24,1,1
525,33,0,1
526,10,1,1
527,6,0,1
528,43,0,1
529,49,1,1
530,15,1,1
531,27,1,1
532,40,1,1
533,12,1,1
534,22,1,1
535,3,1,1
536,21,1,1
537,31,1,1
538,28,1,1
539,21,1,1
540,15,1,1
541,6,0,1
542,29,1,1
543,17,1,1
544,32,1,1
545,21,1,1
546,15,1,1
547,20,1,1
548,27,1,1
549,48,1,1
550,21,1,1
551,4,1,1
552,7,0,1
553,39,1,1
554,37,1,1
555,10,1,1
556,21,1,1
557,44,0,1
558,49,1,1
559,43,0,1
560,12,1,1
561,15,1,1
562,21,1,1
563,47,0,1
564,37,1,1
565,10,1,1
566,44,0,1
567,27,1,1
568,37,1,1
569,11,0,1
570,7,0,1
571,28,1,1
572,23,0,1
573,10,1,1
574,40,1,1
575,33,0,1
576,22,1,1
577,4,1,1
578,2,1,1
579,10,1,1
580,9,0,1
581,10,1,1
582,62,1,1
583,41,0,1
584,18,1,1
585,2,1,1
586,7,0,1
587,7,0,1
588,23,0,1
589,3,1,1
590,22,1,1
591,14,1,1
592,27,1,1
593,6,0,1
594,28,1,1
595,15,1,1
596,14,1,1
597,59,1,1
598,18,1,1
599,8,1,1
600,20,1,1
601,29,1,1
602,23,0,1
603,32,1,1
604,1,1,1
605,44,0,1
606,18,1,1
607,32,1,1
608,6,0,1
609,14,1,1
610,34,1,1
611,31,1,1
612,0,1,1
613,2,1,1
614,17,1,1
615,43,0,1
616,23,0,1
617,2,1,0
618,32,1,1
619,4,1,1
620,37,1,1
621,8,1,1
622,10,1,1
623,43,0,1
624,23,0,1
625,32,1,1
626,10,1,1
627,43,0,1
628,7,0,1
629,22,1,1
630,1,1,1
631,45,0,1
632,10,1,1
633,6,0,1
634,0,1,1
635,23,0,1
636,4,1,1
637,17,1,1
638,21,1,1
639,1,1,1
640,17,1,1
641,45,0,1
642,7,0,1
643,17,1,1
644,14,1,1
645,11,0,1
646,37,1,1
647,6,0,1
648,40,1,1
649,23,0,1
650,29,1,1
651,22,1,1
652,28,1,1
653,10,1,1
654,0,1,1
655,6,0,1
656,13,0,1
657,29,1,1
658,33,0,1
659,5,1,1
660,11,0,1
661,8,1,1
662,5,1,1
663,4,1,0
664,21,1,1
665,0,1,1
666,1,1,1
667,3,1,1
668,10,1,1
669,18,1,1
670,0,1,1
671,3,1,0
672,2,1,1
673,0,1,1
674,6,0,1
675,20,1,1
676,45,0,1
677,31,1,1
678,22,1,1
679,43,0,1
680,25,1,1
681,19,1,1
682,42,0,1
683,40,1,1
684,5,1,1
685,15,1,1
686,30,1,1
687,45,0,1
688,13,0,1
689,16,1,1
690,0,1,1
691,18,1,1
692,42,0,1
693,10,1,1
694,8,1,1
695,14,1,1
696,20,1,1
697,41,0,1
698,32,1,1
699,6,0,1
700,37,1,1
701,45,0,1
702,13,0,1
703,39,1,1
704,40,1,1
705,17,1,1
706,46,1,1
707,42,0,1
708,48,1,1
709,29,1,1
710,14,1,1
711,21,1,1
712,41,0,1
713,8,1,1
714,21,1,1
715,11,0,1
716,24,1,1
717,11,0,1
718,23,0,1
719,42,0,1
720,0,1,1
721,8,1,1
722,37,1,1
723,6,0,1
724,23,0,1
725,3,1,1
726,29,1,1
727,5,1,1
728,7,0,1
729,15,1,1
730,33,0,1
731,43,0,1
732,15,1,1
733,12,1,1
734,42,0,1
735,10,1,1
736,6,0,1
737,24,1,1
738,7,0,1
739,7,0,1
740,50,1,1
741,34,1,1
742,18,1,1
743,37,1,1
744,44,0,1
745,6,0,1
746,27,1,1
747,7,0,1
748,32,1,1
749,31,1,1
750,38,0,1
751,27,1,1
752,4,1,1
753,5,1,1
754,4,1,1
755,18,1,1
756,29,1,1
757,5,1,1
758,17,1,1
759,23,0,1
760,33,0,1
761,62,1,1
762,24,1,1
763,0,1,1
764,24,1,1
765,17,1,1
766,18,1,1
767,37,1,1
768,20,1,1
769,2,1,1
770,24,1,1
771,54,1,1
772,9,0,1
773,38,0,1
774,2,1,1
775,3,1,1
776,27,1,1
777,12,1,1
778,0,1,1
779,19,1,1
780,2,1,1
781,42,0,1
782,37,1,1
783,25,1,1
784,3,1,1
785,40,1,1
786,42,0,1
787,13,0,1
788,36,0,1
789,1,1,1
790,39,1,1
791,43,0,1
792,4,1,1
793,28,1,1
794,36,0,1
795,23,0,1
796,48,1,1
797,16,1,1
798,6,0,1
799,43,0,1
800,10,1,1
801,5,1,1
802,48,1,1
803,21,1,1
804,5,1,1
805,29,1,1
806,16,1,1
807,45,0,1
808,31,1,1
809,18,1,1
810,1,1,1
811,48,1,1
812,3,1,1
813,14,1,1
814,22,1,1
815,33,0,1
816,16,1,1
817,23,0,1
818,27,1,1
819,25,1,1
820,14,1,1
821,16,1,1
822,0,1,1
823,40,1,1
824,10,1,1
825,0,1,1
826,1,1,1
827,0,1,1
828,48,1,1
829,22,1,1
830,21,1,1
831,4,1,1
832,21,1,1
833,3,1,1
834,7,0,1
835,21,1,1
836,41,0,1
837,13,0,1
838,8,1,1
839,55,1,1
840,4,1,1
841,21,1,1
842,14,1,1
843,6,0,1
844,18,1,1
845,3,1,1
846,49,1,1
847,27,1,1
848,42,0,1
849,1,1,1
850,7,0,1
851,17,1,1
852,48,1,1
853,33,0,1
854,5,1,1
855,24,1,1
856,16,1,1
857,29,1,1
858,27,1,1
859,21,1,1
860,45,0,1
861,7,0,1
862,12,1,1
863,20,1,1
864,1,1,1
865,32,1,1
866,31,1,1
867,18,1,1
868,3,1,1
869,1,1,1
870,33,0,1
871,0,1,1
872,49,1,1
873,0,1,1
874,18,1,1
875,12,1,1
876,1,1,1
877,23,0,1
878,18,1,1
879,5,1,1
880,17,1,1
881,4,1,1
882,16,1,1
883,49,1,1
884,54,1,1
885,10,1,1
886,32,1,1
887,2,1,1
888,19,1,1
889,8,1,1
890,4,1,1
891,7,0,1
892,11,0,1
893,16,1,1
894,14,1,1
895,15,1,1
896,27,1,1
897,21,1,1
898,40,1,1
899,45,0,1
900,7,0,1
901,10,1,1
902,0,1,1
903,21,1,1
904,3,1,1
905,16,1,1
906,23,0,1
907,47,0,1
908,17,1,1
909,21,1,1
910,13,0,1
911,14,1,1
912,12,1,1
913,28,1,1
914,12,1,1
915,45,0,1
916,29,1,1
917,43,0,1
918,42,0,1
919,10,1,1
920,4,1,1
921,24,1,1
922,38,0,1
923,1,1,1
924,42,0,1
925,15,1,1
926,3,1,1
927,23,0,1
928,27,1,1
929,12,1,1
930,58,1,1
931,5,1,0
932,32,1,1
933,6,0,1
934,50,1,1
935,44,0,1
936,54,1,1
937,45,0,1
938,0,1,1
939,56,1,1
940,8,1,1
941,28,1,1
942,13,0,1
943,26,0,1
944,21,1,1
945,44,0,1
946,29,1,1
947,38,0,1
948,15,1,1
949,10,1,1
950,33,0,1
951,7,0,1
952,27,1,1
953,7,0,1
954,13,0,1
955,4,1,1
956,29,1,1
957,28,1,1
958,5,1,1
959,27,1,1
960,5,1,1
961,42,0,1
962,8,1,1
963,0,1,1
964,31,1,1
965,24,1,1
966,0,1,1
967,0,1,1
968,13,0,1
969,12,1,1
970,12,1,1
971,34,1,1
972,26,0,1
973,8,1,1
974,28,1,1
975,8,1,1
976,38,0,1
977,52,1,1
978,1,1,1
979,2,1,1
980,17,1,1
981,7,0,1
982,31,1,1
983,33,0,1
984,13,0,1
985,12,1,1
986,25,1,1
987,5,1,1
988,1,1,1
989,43,0,1
990,25,1,1
991,5,1,1
992,7,0,1
993,0,1,1
994,20,1,1
995,47,0,1
996,6,0,1
997,21,1,1
998,21,1,1
999,6,0,1
