vote,public_key_id,honest,valid
0,40,1,1
1,25,1,1
2,7,0,1
3,9,1,1
4,23,1,1
5,6,1,1
6,29,1,1
7,45,1,1
8,41,1,1
9,15,0,1
10,7,0,1
11,17,1,1
12,24,0,1
13,12,0,1
14,29,1,1
15,43,1,1
16,20,0,1
17,0,1,1
18,1,1,1
19,40,1,1
20,25,1,1
21,13,0,1
22,37,0,1
23,49,0,1
24,0,1,1
25,16,1,1
26,22,0,1
27,9,1,1
28,23,1,1
29,27,0,1
30,7,0,1
31,18,1,1
32,1,1,1
33,24,0,1
34,48,1,1
35,18,1,1
36,27,0,1
37,37,0,1
38,38,1,1
39,24,0,1
40,1,1,1
41,20,0,1
42,0,1,1
43,7,0,1
44,14,1,1
45,7,0,1
46,40,1,1
47,23,1,1
48,7,0,1
49,3,0,1
50,17,1,1
51,27,0,1
52,12,0,1
53,1,1,1
54,42,1,1
55,7,0,1
56,23,1,1
57,12,0,1
58,12,0,1
59,3,0,1
60,29,1,1
61,36,0,1
62,10,1,1
63,23,1,1
64,54,0,1
65,7,0,1
66,9,1,1
67,39,1,1
68,7,0,1
69,1,1,1
70,16,1,1
71,16,1,1
72,20,0,1
73,0,1,1
74,14,1,1
75,46,0,1
76,37,0,1
77,5,1,1
78,43,1,1
79,28,0,1
80,6,1,1
81,10,1,1
82,29,1,1
83,47,0,1
84,17,1,1
85,20,0,1
86,25,1,1
87,23,1,1
88,27,0,1
89,23,1,1
90,7,0,1
91,38,1,1
92,37,0,1
93,27,0,1
94,29,1,1
95,48,1,1
96,14,1,1
97,18,1,1
98,3,0,1
99,40,1,1
100,13,0,1
101,40,1,1
102,5,1,1
103,15,0,1
104,16,1,1
105,15,0,1
106,43,1,1
107,43,1,1
108,39,1,1
109,1,1,1
110,14,1,1
111,55,1,1
112,54,0,1
113,10,1,1
114,32,1,1
115,7,0,1
116,23,1,1
117,23,1,1
118,42,1,1
119,0,1,1
120,1,1,1
121,28,0,1
122,42,1,1
123,27,0,1
124,1,1,1
125,23,1,1
126,7,0,1
127,10,1,1
128,32,1,1
129,48,1,1
130,40,1,1
131,10,1,1
132,9,1,1
133,9,1,1
134,13,0,1
135,20,0,1
136,14,1,1
137,13,0,1
138,34,0,1
139,0,1,1
140,6,1,1
141,37,0,1
142,31,1,1
143,42,1,1
144,48,1,1
145,23,1,1
146,47,0,1
147,22,0,1
148,0,1,1
149,42,1,1
150,15,0,1
151,23,1,1
152,47,0,1
153,1,1,1
154,3,0,1
155,29,1,1
156,3,0,1
157,37,0,1
158,32,1,1
159,25,1,1
160,16,1,1
161,23,1,1
162,13,0,1
163,32,1,1
164,58,1,1
165,28,0,1
166,23,1,1
167,5,1,1
168,37,0,1
169,55,1,1
170,55,1,1
171,14,1,1
172,0,1,1
173,48,1,1
174,0,1,1
175,3,0,1
176,15,0,1
177,12,0,1
178,62,0,1
179,23,1,1
180,5,1,1
181,1,1,1
182,18,1,1
183,32,1,1
184,37,0,1
185,37,0,1
186,13,0,1
187,13,0,1
188,10,1,1
189,7,0,1
190,27,0,1
191,12,0,1
192,3,0,1
193,24,0,1
194,37,0,1
195,12,0,1
196,20,0,1
197,7,0,1
198,14,1,1
199,6,1,1
200,23,1,1
201,37,0,1
202,48,1,1
203,23,1,1
204,57,0,1
205,5,1,1
206,10,1,1
207,23,1,1
208,18,1,1
209,23,1,1
210,1,1,1
211,40,1,1
212,10,1,1
213,35,0,1
214,18,1,1
215,12,0,1
216,22,0,1
217,28,0,1
218,39,1,1
219,28,0,1
220,31,1,1
221,17,1,1
222,15,0,1
223,22,0,1
224,16,1,1
225,43,1,1
226,37,0,1
227,45,1,1
228,45,1,1
229,23,1,1
230,42,1,1
231,28,0,1
232,13,0,1
233,43,1,1
234,24,0,1
235,10,1,1
236,6,1,1
237,0,1,1
238,28,0,1
239,16,1,1
240,48,1,1
241,0,1,1
242,3,0,1
243,32,1,1
244,6,1,1
245,13,0,1
246,31,1,1
247,12,0,1
248,22,0,1
249,14,1,1
250,24,0,1
251,3,0,1
252,1,1,1
253,24,0,1
254,7,0,1
255,43,1,1
256,40,1,1
257,27,0,1
258,30,0,1
259,22,0,1
260,24,0,1
261,7,0,1
262,17,1,1
263,18,1,1
264,14,1,1
265,0,1,1
266,9,1,1
267,9,1,1
268,29,1,1
269,43,1,1
270,7,0,1
271,32,1,1
272,9,1,1
273,6,1,1
274,9,1,1
275,23,1,1
276,49,0,1
277,45,1,1
278,15,0,1
279,7,0,1
280,29,1,1
281,7,0,1
282,7,0,1
283,45,1,1
284,10,1,1
285,3,0,1
286,16,1,1
287,41,1,1
288,51,0,1
289,24,0,1
290,0,1,1
291,41,1,1
292,1,1,1
293,20,0,1
294,28,0,1
295,15,0,1
296,24,0,1
297,18,1,1
298,25,1,1
299,0,1,1
300,38,1,1
301,18,1,1
302,3,0,1
303,22,0,1
304,54,0,1
305,10,1,1
306,29,1,1
307,23,1,1
308,20,0,1
309,5,1,1
310,43,1,1
311,9,1,1
312,48,1,1
313,12,0,1
314,23,1,1
315,28,0,1
316,10,1,1
317,7,0,1
318,5,1,1
319,39,1,1
320,1,1,1
321,42,1,1
322,10,1,1
323,12,0,1
324,27,0,1
325,23,1,1
326,14,1,1
327,25,1,1
328,39,1,1
329,32,1,1
330,7,0,1
331,27,0,1
332,28,0,1
333,3,0,1
334,7,0,1
335,15,0,1
336,9,1,1
337,28,0,1
338,42,1,1
339,45,1,1
340,10,1,1
341,30,0,1
342,12,0,1
343,10,1,1
344,7,0,1
345,7,0,1
346,49,0,1
347,18,1,1
348,0,1,1
349,10,1,1
350,7,0,1
351,23,1,1
352,28,0,1
353,39,1,1
354,9,1,1
355,27,0,1
356,16,1,1
357,42,1,1
358,28,0,1
359,13,0,1
360,49,0,1
361,32,1,1
362,25,1,1
363,0,1,1
364,34,0,1
365,7,0,1
366,48,1,1
367,14,1,1
368,13,0,1
369,15,0,1
370,7,0,1
371,17,1,1
372,45,1,1
373,3,0,1
374,48,1,1
375,49,0,1
376,14,1,1
377,29,1,1
378,13,0,1
379,42,1,1
380,32,1,1
381,27,0,1
382,5,1,1
383,49,0,1
384,5,1,1
385,45,1,1
386,20,0,1
387,17,1,1
388,22,0,1
389,29,1,1
390,0,1,1
391,28,0,1
392,23,1,1
393,13,0,1
394,30,0,1
395,23,1,1
396,23,1,1
397,18,1,1
398,9,1,1
399,5,1,1
400,14,1,1
401,10,1,1
402,49,0,1
403,7,0,1
404,14,1,1
405,6,1,1
406,0,1,1
407,9,1,1
408,25,1,1
409,6,1,1
410,37,0,1
411,0,1,1
412,10,1,1
413,34,0,1
414,14,1,1
415,43,1,1
416,40,1,1
417,13,0,1
418,39,1,1
419,32,1,1
420,17,1,1
421,1,1,1
422,16,1,1
423,24,0,1
424,17,1,1
425,13,0,1
426,32,1,1
427,43,1,1
428,16,1,1
429,39,1,1
430,6,1,1
431,28,0,1
432,43,1,1
433,0,1,1
434,12,0,1
435,37,0,1
436,24,0,1
437,45,1,1
438,7,0,1
439,17,1,1
440,45,1,1
441,43,1,1
442,27,0,1
443,13,0,1
444,9,1,1
445,27,0,1
446,25,1,1
447,45,1,1
448,27,0,1
449,16,1,1
450,41,1,1
451,48,1,1
452,0,1,1
453,37,0,1
454,22,0,1
455,18,1,1
456,6,1,1
457,3,0,1
458,3,0,1
459,15,0,1
460,42,1,1
461,13,0,1
462,22,0,1
463,13,0,1
464,64,1,1
465,6,1,1
466,5,1,1
467,34,0,1
468,37,0,1
469,14,1,1
470,45,1,1
471,7,0,1
472,25,1,1
473,12,0,1
474,12,0,1
475,31,1,1
476,7,0,1
477,40,1,1
478,27,0,1
479,43,1,1
480,6,1,1
481,5,1,1
482,61,0,1
483,1,1,1
484,0,1,1
485,0,1,1
486,17,1,1
487,0,1,1
488,42,1,1
489,34,0,1
490,29,1,1
491,14,1,1
492,18,1,1
493,10,1,1
494,13,0,1
495,50,0,1
496,1,1,1
497,32,1,1
498,13,0,1
499,6,1,1
500,10,1,1
501,18,1,1
502,13,0,1
503,6,1,1
504,14,1,1
505,17,1,1
506,20,0,1
507,7,0,1
508,6,1,1
509,29,1,1
510,12,0,1
511,24,0,1
512,24,0,1
513,5,1,1
514,39,1,1
515,5,1,1
516,27,0,1
517,25,1,1
518,17,1,1
519,54,0,1
520,29,1,1
521,15,0,1
522,7,0,1
523,0,1,1
524,5,1,1
525,10,1,1
526,16,1,1
527,16,1,1
528,10,1,1
529,43,1,1
530,42,1,1
531,10,1,1
532,32,1,1
533,29,1,1
534,42,1,1
535,17,1,1
536,38,1,1
537,32,1,1
538,9,1,1
539,14,1,1
540,14,1,1
541,7,0,1
542,1,1,1
543,34,0,1
544,0,1,1
545,27,0,1
546,16,1,1
547,43,1,1
548,15,0,1
549,24,0,1
550,28,0,1
551,18,1,1
552,20,0,1
553,9,1,1
554,6,1,1
555,10,1,1
556,17,1,1
557,28,0,1
558,10,1,1
559,10,1,1
560,7,0,1
561,16,1,1
562,7,0,1
563,40,1,1
564,16,1,1
565,18,1,1
566,1,1,1
567,29,1,1
568,7,0,1
569,6,1,1
570,28,0,1
571,48,1,1
572,15,0,1
573,1,1,1
574,5,1,1
575,0,1,1
576,10,1,1
577,32,1,1
578,45,1,1
579,18,1,1
580,5,1,1
581,37,0,1
582,14,1,1
583,0,1,1
584,5,1,1
585,1,1,1
586,14,1,1
587,9,1,1
588,43,1,1
589,3,0,1
590,25,1,1
591,6,1,1
592,55,1,1
593,37,0,1
594,45,1,1
595,12,0,1
596,13,0,1
597,24,0,1
598,1,1,1
599,3,0,1
600,37,0,1
601,22,0,1
602,27,0,1
603,22,0,1
604,12,0,1
605,0,1,1
606,14,1,1
607,37,0,1
608,41,1,1
609,24,0,1
610,38,1,1
611,25,1,1
612,6,1,1
613,12,0,1
614,10,1,1
615,31,1,1
616,17,1,1
617,10,1,1
618,20,0,1
619,25,1,1
620,32,1,1
621,40,1,1
622,0,1,1
623,12,0,1
624,50,0,1
625,32,1,1
626,0,1,1
627,20,0,1
628,28,0,1
629,5,1,1
630,43,1,1
631,43,1,1
632,23,1,1
633,6,1,1
634,29,1,1
635,15,0,1
636,14,1,1
637,18,1,1
638,37,0,1
639,0,1,1
640,17,1,1
641,27,0,1
642,10,1,1
643,0,1,1
644,0,1,1
645,50,0,1
646,45,1,1
647,10,1,1
648,62,0,1
649,7,0,1
650,49,0,1
651,34,0,1
652,17,1,1
653,48,1,1
654,24,0,1
655,16,1,1
656,7,0,1
657,31,1,1
658,14,1,1
659,49,0,1
660,41,1,1
661,6,1,1
662,28,0,1
663,43,1,1
664,6,1,1
665,0,1,1
666,14,1,1
667,20,0,1
668,45,1,1
669,20,0,1
670,20,0,1
671,42,1,1
672,12,0,1
673,14,1,1
674,47,0,1
675,12,0,1
676,39,1,1
677,37,0,1
678,42,1,1
679,13,0,1
680,23,1,1
681,23,1,1
682,14,1,1
683,16,1,1
684,31,1,1
685,20,0,1
686,0,1,1
687,0,1,1
688,25,1,1
689,17,1,1
690,20,0,1
691,10,1,1
692,7,0,1
693,6,1,1
694,27,0,1
695,31,1,1
696,47,0,1
697,10,1,1
698,6,1,1
699,15,0,1
700,1,1,1
701,28,0,1
702,16,1,1
703,27,0,1
704,13,0,1
705,7,0,1
706,29,1,1
707,17,1,1
708,3,0,1
709,10,1,1
710,18,1,1
711,43,1,1
712,27,0,1
713,32,1,1
714,58,1,1
715,7,0,1
716,13,0,1
717,29,1,1
718,28,0,1
719,56,0,1
720,9,1,1
721,18,1,1
722,13,0,1
723,25,1,1
724,0,1,1
725,45,1,1
726,28,0,1
727,57,0,1
728,32,1,1
729,1,1,1
730,3,0,1
731,45,1,1
732,31,1,1
733,14,1,1
734,32,1,1
735,5,1,1
736,6,1,1
737,3,0,1
738,15,0,1
739,36,0,1
740,32,1,1
741,17,1,1
742,1,1,1
743,7,0,1
744,18,1,1
745,32,1,1
746,10,1,1
747,43,1,1
748,48,1,1
749,9,1,1
750,42,1,1
751,18,1,1
752,32,1,1
753,25,1,1
754,40,1,1
755,45,1,1
756,13,0,1
757,6,1,1
758,0,1,1
759,39,1,1
760,42,1,1
761,28,0,1
762,31,1,1
763,5,1,1
764,10,1,1
765,5,1,1
766,15,0,1
767,0,1,1
768,13,0,1
769,23,1,1
770,1,1,1
771,1,1,1
772,27,0,1
773,14,1,1
774,10,1,1
775,42,1,1
776,6,1,1
777,32,1,1
778,3,0,1
779,62,0,1
780,40,1,1
781,23,1,1
782,23,1,1
783,25,1,1
784,15,0,1
785,3,0,1
786,24,0,1
787,23,1,1
788,31,1,1
789,5,1,1
790,29,1,1
791,12,0,1
792,13,0,1
793,10,1,1
794,16,1,1
795,3,0,1
796,1,1,1
