vote,public_key_id,honest,valid
0,2,1,1
1,9,1,1
2,6,1,1
3,6,1,1
4,3,0,1
5,1,0,1
6,8,0,1
7,4,1,1
8,4,1,1
9,9,1,1
10,4,1,1
11,6,1,1
12,15,1,1
13,7,1,1
14,7,1,1
15,17,0,1
16,0,1,1
17,4,1,1
18,0,1,1
19,0,1,1
20,12,1,1
21,11,0,1
22,4,1,1
23,18,1,1
24,9,1,1
25,4,1,1
26,16,0,1
27,10,1,1
28,14,1,1
29,10,1,1
30,16,0,1
31,4,1,1
32,8,0,1
33,14,1,1
34,0,1,1
35,19,1,1
36,6,1,1
37,15,1,1
38,4,1,1
39,8,0,1
40,6,1,1
41,1,0,1
42,9,1,1
43,6,1,1
44,1,0,1
45,1,0,1
46,3,0,1
47,3,0,1
48,2,1,1
49,1,0,1
50,9,1,1
51,6,1,1
52,6,1,1
53,0,1,1
54,1,0,1
55,16,0,1
56,9,1,1
57,9,1,1
58,9,1,1
59,0,1,1
60,3,0,1
61,10,1,1
62,9,1,1
63,9,1,1
64,9,1,1
65,8,0,1
66,4,1,1
67,2,1,1
68,16,0,1
69,13,0,1
70,6,1,1
71,8,0,1
72,16,0,1
73,7,1,1
74,7,1,1
75,0,1,1
76,6,1,1
77,0,1,1
78,18,1,1
79,6,1,1
80,6,1,1
81,0,1,1
82,3,0,1
83,3,0,1
84,6,1,1
85,9,1,1
86,7,1,1
87,2,1,1
88,6,1,1
89,3,0,1
90,5,1,1
91,4,1,1
92,2,1,1
93,0,1,1
94,9,1,1
95,16,0,1
96,9,1,1
97,12,1,1
98,3,0,1
99,10,1,1
100,0,1,1
101,2,1,1
102,0,1,1
103,5,1,1
104,6,1,1
105,0,1,1
106,3,0,1
107,0,1,1
108,7,1,1
109,6,1,1
110,7,1,1
111,0,1,1
112,0,1,1
113,7,1,1
114,3,0,1
115,1,0,1
116,5,1,1
117,9,1,1
118,10,1,1
119,13,0,1
120,9,1,1
121,2,1,1
122,3,0,1
123,13,0,1
124,8,0,1
125,6,1,1
126,3,0,1
127,10,1,1
128,3,0,1
129,19,1,1
130,9,1,1
131,2,1,1
132,11,0,1
133,2,1,1
134,4,1,1
135,1,0,1
136,9,1,1
137,0,1,1
138,0,1,1
139,0,1,1
140,3,0,1
141,9,1,1
142,6,1,1
143,0,1,1
144,4,1,1
145,8,0,1
146,1,0,1
147,6,1,1
148,16,0,1
149,6,1,1
150,14,1,1
151,13,0,1
152,4,1,1
153,0,1,1
154,4,1,1
155,6,1,1
156,9,1,0
157,2,1,1
158,0,1,1
159,1,0,1
160,12,1,1
161,3,0,1
162,15,1,1
163,10,1,1
164,3,0,1
165,4,1,1
166,9,1,1
167,14,1,1
168,2,1,1
169,3,0,1
170,8,0,1
171,8,0,1
172,4,1,1
173,0,1,1
174,6,1,1
175,9,1,1
176,0,1,1
177,15,1,1
178,6,1,1
179,6,1,1
180,3,0,1
181,16,0,1
182,3,0,1
183,3,0,1
184,0,1,1
185,3,0,1
186,10,1,1
187,3,0,1
188,9,1,1
189,6,1,1
190,0,1,1
191,6,1,1
192,1,0,1
193,0,1,1
194,6,1,1
195,3,0,1
196,9,1,1
197,9,1,1
198,13,0,1
199,6,1,1
200,8,0,1
201,8,0,1
202,3,0,1
203,2,1,1
204,0,1,1
205,6,1,1
206,3,0,1
207,15,1,1
208,2,1,1
209,4,1,1
210,13,0,1
211,17,0,1
212,13,0,1
213,7,1,1
214,14,1,1
215,7,1,1
216,3,0,1
217,3,0,1
218,10,1,1
219,9,1,1
220,16,0,1
221,0,1,1
222,9,1,1
223,1,0,1
224,3,0,1
225,6,1,1
226,2,1,1
227,13,0,1
228,7,1,1
229,4,1,1
230,3,0,1
231,7,1,1
232,15,1,1
233,10,1,1
234,6,1,1
235,13,0,1
236,0,1,1
237,2,1,1
238,9,1,1
239,6,1,1
240,7,1,1
241,3,0,1
242,16,0,1
243,7,1,1
244,9,1,1
245,1,0,1
246,9,1,1
247,2,1,1
248,1,0,1
249,9,1,1
250,11,0,1
251,12,1,1
252,1,0,1
253,12,1,1
254,16,0,1
255,9,1,1
256,4,1,1
257,6,1,1
258,4,1,1
259,8,0,1
260,4,1,1
261,6,1,1
262,9,1,1
263,4,1,1
264,0,1,1
265,0,1,1
266,17,0,1
267,2,1,1
268,13,0,1
269,9,1,1
270,6,1,1
271,4,1,1
272,0,1,1
273,10,1,1
274,16,0,1
275,7,1,1
276,9,1,1
277,0,1,1
278,11,0,1
279,13,0,1
280,7,1,1
281,6,1,1
282,12,1,1
283,3,0,1
284,9,1,1
285,6,1,1
286,6,1,1
287,9,1,1
288,6,1,1
289,9,1,1
290,3,0,1
291,0,1,1
292,6,1,1
293,9,1,1
294,8,0,1
295,7,1,1
296,3,0,1
297,11,0,1
298,9,1,1
299,4,1,1
300,8,0,1
301,0,1,1
302,0,1,1
303,8,0,1
304,2,1,1
305,6,1,1
306,0,1,1
307,2,1,1
308,4,1,1
309,6,1,1
310,13,0,1
311,16,0,1
312,0,1,1
313,4,1,1
314,10,1,1
315,4,1,1
316,1,0,1
317,4,1,1
318,12,1,1
319,9,1,1
320,0,1,1
321,6,1,1
322,1,0,1
323,9,1,1
324,8,0,1
325,14,1,1
326,2,1,1
327,6,1,1
328,1,0,1
329,1,0,1
330,4,1,1
331,13,0,1
332,9,1,1
333,10,1,1
334,0,1,1
335,6,1,1
336,0,1,1
337,7,1,1
338,1,0,1
339,10,1,1
340,3,0,1
341,4,1,1
342,2,1,1
343,9,1,1
344,13,0,1
345,9,1,1
346,3,0,1
347,7,1,1
348,0,1,1
349,7,1,1
350,3,0,1
351,9,1,0
352,6,1,1
353,8,0,1
354,16,0,1
355,6,1,1
356,4,1,1
357,2,1,1
358,0,1,1
359,10,1,1
360,1,0,1
361,6,1,1
362,4,1,1
363,2,1,1
364,7,1,1
365,1,0,1
366,0,1,1
367,7,1,1
368,9,1,1
369,6,1,1
370,4,1,1
371,1,0,1
372,15,1,1
373,7,1,1
374,4,1,1
375,1,0,1
376,0,1,1
377,0,1,1
378,6,1,1
379,0,1,1
380,13,0,1
381,12,1,1
382,1,0,1
383,6,1,1
384,0,1,1
385,10,1,1
386,0,1,1
387,3,0,1
388,8,0,1
389,4,1,1
390,16,0,1
391,9,1,1
392,16,0,1
393,0,1,1
394,7,1,1
395,0,1,1
396,9,1,1
397,8,0,1
398,4,1,1
399,6,1,1
400,6,1,1
401,16,0,1
402,6,1,1
403,9,1,1
404,9,1,1
405,1,0,1
406,8,0,1
407,0,1,1
408,7,1,1
409,2,1,1
410,18,1,1
411,1,0,1
412,6,1,1
413,9,1,1
414,8,0,1
415,8,0,1
416,1,0,1
417,1,0,1
418,6,1,1
419,2,1,1
420,0,1,1
421,3,0,1
422,6,1,1
423,3,0,1
424,16,0,1
425,0,1,1
426,8,0,1
427,6,1,1
428,14,1,1
429,2,1,1
430,1,0,1
431,1,0,1
432,6,1,1
433,0,1,1
434,0,1,1
435,9,1,1
436,9,1,1
437,9,1,1
438,11,0,1
439,6,1,1
440,13,0,1
441,1,0,1
442,3,0,1
443,6,1,1
444,1,0,1
445,3,0,1
446,0,1,1
447,4,1,1
448,0,1,1
449,2,1,1
450,6,1,1
451,11,0,1
452,4,1,1
453,12,1,1
454,0,1,1
455,3,0,1
456,2,1,1
457,0,1,1
458,1,0,1
459,4,1,1
460,9,1,1
461,1,0,1
462,7,1,1
463,3,0,1
464,9,1,1
465,8,0,1
466,1,0,1
467,0,1,1
468,0,1,1
469,16,0,1
470,9,1,1
471,14,1,1
472,6,1,1
473,0,1,1
474,3,0,1
475,2,1,1
476,2,1,1
477,9,1,1
478,9,1,1
479,8,0,1
480,17,0,1
481,1,0,1
482,2,1,1
483,0,1,1
484,9,1,1
485,7,1,1
486,3,0,1
487,18,1,1
488,6,1,1
489,6,1,1
490,3,0,1
491,16,0,1
492,2,1,1
493,13,0,1
494,1,0,1
495,3,0,1
496,12,1,1
497,2,1,1
498,9,1,1
499,14,1,1
500,16,0,1
501,4,1,1
502,16,0,1
503,9,1,1
504,7,1,1
505,0,1,1
506,10,1,1
507,13,0,1
508,6,1,1
509,9,1,1
510,9,1,1
511,9,1,1
512,1,0,1
513,18,1,1
514,9,1,1
515,4,1,1
516,4,1,1
517,9,1,1
518,0,1,1
519,2,1,1
520,6,1,1
521,2,1,1
522,6,1,1
523,4,1,1
524,13,0,1
525,8,0,1
526,6,1,1
527,8,0,1
528,18,1,1
529,9,1,1
530,8,0,1
531,9,1,1
532,6,1,1
533,6,1,1
534,9,1,1
535,0,1,1
536,8,0,1
537,2,1,1
538,12,1,1
539,2,1,1
540,2,1,1
541,12,1,1
542,10,1,1
543,16,0,1
544,8,0,1
545,3,0,1
546,6,1,1
547,13,0,1
548,6,1,1
549,3,0,1
550,16,0,1
551,10,1,1
552,4,1,1
553,0,1,1
554,10,1,1
555,8,0,1
556,0,1,1
557,1,0,1
558,6,1,1
559,5,1,1
560,0,1,1
561,14,1,1
562,7,1,1
563,0,1,1
564,4,1,1
565,5,1,1
566,9,1,1
567,6,1,1
568,0,1,1
569,13,0,1
570,8,0,1
571,2,1,1
572,8,0,1
573,2,1,1
574,6,1,1
575,2,1,1
576,9,1,1
577,2,1,1
578,6,1,1
579,2,1,1
580,7,1,1
581,6,1,1
582,9,1,1
583,9,1,1
584,7,1,1
585,14,1,1
586,1,0,1
587,6,1,1
588,8,0,1
589,0,1,1
590,9,1,0
591,6,1,1
592,6,1,1
593,4,1,1
594,3,0,1
595,18,1,1
596,6,1,1
597,6,1,1
598,0,1,1
599,6,1,1
600,4,1,1
601,2,1,1
602,8,0,1
603,0,1,1
604,18,1,1
605,1,0,1
606,2,1,1
607,0,1,1
608,9,1,1
609,14,1,1
610,7,1,1
611,7,1,1
612,4,1,1
613,15,1,1
614,2,1,1
615,10,1,1
616,6,1,1
617,7,1,1
618,6,1,1
619,6,1,1
620,0,1,1
621,11,0,1
622,6,1,1
623,5,1,1
624,8,0,1
625,4,1,1
626,6,1,1
627,2,1,1
628,6,1,1
629,8,0,1
630,13,0,1
631,2,1,1
632,6,1,1
633,2,1,1
634,6,1,1
635,18,1,1
636,9,1,1
637,8,0,1
638,2,1,1
639,9,1,1
640,17,0,1
641,1,0,1
642,0,1,1
643,4,1,1
644,8,0,1
645,9,1,1
646,9,1,1
647,6,1,1
648,9,1,1
649,8,0,1
650,3,0,1
651,12,1,1
652,0,1,1
653,0,1,1
654,8,0,1
655,2,1,1
656,8,0,1
657,3,0,1
658,0,1,1
659,3,0,1
660,8,0,1
661,4,1,1
662,9,1,1
663,6,1,1
664,9,1,1
665,6,1,1
666,6,1,1
667,10,1,1
668,2,1,1
669,6,1,1
670,6,1,1
671,0,1,1
672,6,1,1
673,0,1,1
674,7,1,1
675,0,1,1
676,2,1,1
677,9,1,1
678,0,1,1
679,4,1,1
680,9,1,1
681,10,1,1
682,9,1,1
683,9,1,1
684,13,0,1
685,5,1,1
686,3,0,1
687,7,1,1
688,16,0,1
689,4,1,1
690,6,1,1
691,2,1,1
692,6,1,1
693,12,1,1
694,9,1,1
695,0,1,1
696,0,1,1
697,4,1,1
698,6,1,1
699,9,1,1
700,5,1,1
701,3,0,1
702,0,1,1
703,8,0,1
704,0,1,1
705,3,0,1
706,3,0,1
707,9,1,1
708,0,1,1
709,13,0,1
710,4,1,1
711,6,1,1
712,0,1,1
713,19,1,1
714,0,1,1
715,19,1,1
716,19,1,1
717,2,1,1
718,9,1,1
719,0,1,1
720,0,1,1
721,17,0,1
722,16,0,1
723,6,1,1
724,6,1,1
725,9,1,1
726,9,1,1
727,0,1,1
728,4,1,1
729,3,0,1
730,2,1,1
731,0,1,1
732,9,1,1
733,0,1,1
734,3,0,1
735,1,0,1
736,1,0,1
737,4,1,1
738,8,0,1
739,7,1,1
740,3,0,1
741,1,0,1
742,0,1,1
743,2,1,1
744,6,1,1
745,14,1,1
746,2,1,1
747,4,1,1
748,2,1,1
749,9,1,1
750,1,0,1
751,3,0,1
752,6,1,1
753,0,1,1
754,4,1,1
755,7,1,1
756,9,1,1
757,9,1,1
758,0,1,1
759,10,1,1
760,0,1,1
761,1,0,1
762,3,0,1
763,13,0,1
764,4,1,1
765,8,0,1
766,10,1,1
767,8,0,1
768,8,0,1
769,13,0,1
770,7,1,1
771,9,1,1
772,0,1,1
773,7,1,1
774,3,0,1
775,13,0,1
776,3,0,1
777,7,1,1
778,8,0,1
779,2,1,1
780,3,0,1
781,9,1,1
782,9,1,1
783,17,0,1
784,0,1,1
785,4,1,1
786,8,0,0
787,8,0,1
788,9,1,1
789,2,1,1
790,3,0,1
791,10,1,1
792,11,0,1
793,0,1,1
794,2,1,1
795,9,1,1
796,3,0,1
797,9,1,1
798,9,1,1
799,5,1,1
800,2,1,1
801,6,1,1
802,0,1,1
803,8,0,1
804,3,0,1
805,0,1,1
806,0,1,1
807,10,1,1
808,2,1,1
809,10,1,1
810,1,0,1
811,14,1,1
812,9,1,1
813,1,0,1
814,7,1,1
815,0,1,1
816,6,1,1
817,2,1,1
818,6,1,1
819,2,1,1
820,9,1,1
821,7,1,1
822,0,1,1
823,6,1,1
824,0,1,1
825,4,1,1
826,8,0,1
827,16,0,1
828,1,0,1
829,2,1,1
830,7,1,1
831,16,0,1
832,0,1,1
833,16,0,1
834,4,1,1
835,7,1,1
836,3,0,1
837,7,1,1
838,3,0,1
839,4,1,1
840,2,1,1
841,6,1,1
842,9,1,1
843,6,1,1
844,1,0,1
845,7,1,1
846,9,1,1
847,13,0,1
848,6,1,1
849,19,1,1
850,0,1,1
851,9,1,1
852,3,0,1
853,1,0,1
854,3,0,1
855,19,1,1
856,4,1,1
857,7,1,1
858,6,1,1
859,3,0,1
860,7,1,1
861,8,0,1
862,10,1,1
863,12,1,1
864,13,0,1
865,9,1,1
866,8,0,1
867,0,1,1
868,6,1,1
869,4,1,1
870,8,0,1
871,4,1,1
872,0,1,1
873,0,1,1
874,2,1,1
875,6,1,1
876,3,0,1
877,0,1,1
878,0,1,1
879,4,1,1
880,8,0,1
881,6,1,1
882,6,1,1
883,6,1,1
884,3,0,1
885,3,0,1
886,0,1,1
887,0,1,1
888,6,1,1
889,14,1,1
890,9,1,1
891,6,1,1
892,12,1,1
893,6,1,1
894,6,1,1
895,9,1,1
896,1,0,1
897,14,1,1
898,13,0,1
899,7,1,1
900,9,1,1
901,6,1,1
902,9,1,1
903,0,1,1
904,6,1,1
905,6,1,1
906,6,1,1
907,16,0,1
908,1,0,1
909,1,0,1
910,4,1,1
911,10,1,1
912,6,1,1
913,6,1,1
914,2,1,1
915,12,1,1
916,9,1,1
917,2,1,1
918,0,1,1
919,1,0,1
920,4,1,1
921,6,1,1
922,10,1,1
923,16,0,1
924,10,1,1
925,0,1,1
926,4,1,1
927,1,0,1
928,10,1,1
929,4,1,1
930,6,1,1
931,8,0,1
932,1,0,1
933,2,1,1
934,1,0,1
935,6,1,1
936,4,1,1
937,3,0,1
938,2,1,1
939,6,1,1
940,0,1,1
941,13,0,1
942,8,0,1
943,0,1,1
944,0,1,1
945,15,1,1
946,16,0,1
947,19,1,1
948,3,0,1
949,12,1,1
950,6,1,1
951,9,1,0
952,2,1,1
953,7,1,1
954,14,1,1
955,3,0,1
956,10,1,1
957,16,0,1
958,13,0,1
959,1,0,1
960,10,1,1
961,17,0,1
962,4,1,1
963,9,1,1
964,0,1,1
965,2,1,1
966,9,1,1
967,16,0,1
968,0,1,1
969,6,1,1
970,0,1,1
971,4,1,1
972,3,0,1
973,7,1,1
974,8,0,1
975,2,1,1
976,9,1,1
977,7,1,1
978,6,1,1
979,0,1,1
980,4,1,1
981,13,0,1
982,0,1,1
983,13,0,1
984,14,1,1
985,9,1,1
986,2,1,1
987,2,1,1
988,2,1,1
989,1,0,1
990,1,0,1
991,6,1,1
992,9,1,1
993,13,0,1
994,6,1,1
995,2,1,1
996,16,0,1
997,8,0,1
998,3,0,1
999,17,0,1
