vote,public_key_id,honest,valid
0,4,1,1
1,2,0,1
2,2,0,1
3,4,1,1
4,6,1,1
5,10,1,1
6,2,0,1
7,1,1,1
8,2,0,1
9,6,1,1
10,1,1,1
11,4,1,1
12,1,1,1
13,4,1,1
14,20,0,1
15,8,0,1
16,2,0,1
17,8,0,1
18,2,0,1
19,2,0,1
20,1,1,1
21,1,1,1
22,1,1,1
23,4,1,1
24,2,0,1
25,2,0,1
26,2,0,1
27,2,0,1
28,1,1,1
29,16,0,1
30,6,1,1
31,4,1,1
32,2,0,1
33,1,1,1
34,1,1,1
35,20,0,1
36,1,1,1
37,6,1,1
38,2,0,1
39,1,1,1
40,2,0,1
41,2,0,1
42,1,1,1
43,4,1,1
44,1,1,1
45,1,1,1
46,2,0,1
47,6,1,1
48,2,0,1
49,1,1,1
50,4,1,1
51,1,1,1
52,1,1,1
53,8,0,1
54,2,0,1
55,2,0,1
56,2,0,1
57,2,0,1
58,6,1,1
59,10,1,1
60,23,0,1
61,2,0,1
62,1,1,1
63,4,1,1
64,2,0,1
65,1,1,1
66,8,0,1
67,1,1,1
68,2,0,1
69,4,1,1
70,1,1,1
71,1,1,1
72,1,1,1
73,4,1,1
74,2,0,1
75,10,1,1
76,1,1,1
77,2,0,1
78,2,0,1
79,1,1,1
80,1,1,1
81,1,1,1
82,1,1,1
83,1,1,1
84,2,0,1
85,8,0,1
86,4,1,1
87,10,1,1
88,1,1,1
89,2,0,1
90,2,0,1
91,1,1,1
92,2,0,1
93,8,0,1
94,22,1,1
95,1,1,1
96,1,1,1
97,1,1,1
98,2,0,1
99,1,1,1
100,2,0,1
101,2,0,1
102,2,0,1
103,4,1,1
104,10,1,1
105,6,1,1
106,6,1,1
107,2,0,1
108,6,1,1
109,4,1,1
110,22,1,1
111,4,1,1
112,6,1,1
113,6,1,1
114,1,1,1
115,1,1,1
116,10,1,1
117,4,1,1
118,1,1,1
119,10,1,1
120,1,1,1
121,20,0,1
122,10,1,1
123,2,0,1
124,1,1,1
125,1,1,1
126,1,1,1
127,1,1,1
128,6,1,1
129,1,1,1
130,27,0,1
131,20,0,1
132,2,0,1
133,10,1,1
134,4,1,1
135,2,0,1
136,4,1,1
137,2,0,1
138,20,0,1
139,4,1,1
140,2,0,1
141,30,0,1
142,2,0,1
143,6,1,1
144,6,1,1
145,1,1,1
146,2,0,1
147,20,0,1
148,10,1,1
149,1,1,1
150,1,1,1
151,1,1,0
152,2,0,1
153,1,1,1
154,1,1,1
155,6,1,1
156,1,1,1
157,2,0,1
158,6,1,1
159,4,1,1
160,27,0,1
161,20,0,1
162,10,1,1
163,1,1,1
164,6,1,1
165,2,0,1
166,1,1,1
167,10,1,1
168,30,0,1
169,1,1,1
170,10,1,1
171,4,1,1
172,1,1,1
173,1,1,1
174,1,1,1
175,2,0,1
176,1,1,1
177,1,1,1
178,2,0,1
179,2,0,1
180,1,1,1
181,4,1,1
182,1,1,1
183,2,0,1
184,8,0,1
185,1,1,1
186,1,1,1
187,2,0,1
188,1,1,1
189,1,1,1
190,1,1,1
191,1,1,1
192,4,1,1
193,1,1,1
194,1,1,1
195,1,1,1
196,1,1,1
197,11,0,1
198,1,1,1
199,10,1,1
200,22,1,1
201,1,1,1
202,10,1,1
203,30,0,1
204,2,0,1
205,1,1,1
206,2,0,1
207,1,1,1
208,1,1,1
209,20,0,1
210,1,1,1
211,1,1,1
212,1,1,1
213,2,0,1
214,6,1,1
215,2,0,1
216,2,0,1
217,2,0,1
218,4,1,1
219,10,1,1
220,4,1,1
221,1,1,1
222,1,1,1
223,2,0,1
224,11,0,1
225,4,1,1
226,10,1,1
227,1,1,1
228,2,0,1
229,2,0,1
230,6,1,1
231,2,0,1
232,6,1,1
233,6,1,1
234,2,0,1
235,2,0,1
236,6,1,1
237,10,1,1
238,1,1,1
239,6,1,1
240,8,0,1
241,8,0,1
242,6,1,1
243,6,1,1
244,1,1,1
245,4,1,1
246,1,1,1
247,1,1,1
248,4,1,1
249,10,1,1
250,4,1,1
251,2,0,1
252,1,1,1
253,2,0,1
254,1,1,1
255,4,1,1
256,4,1,1
257,4,1,1
258,1,1,1
259,4,1,1
260,4,1,1
261,2,0,1
262,1,1,1
263,1,1,1
264,2,0,1
265,8,0,1
266,1,1,1
267,2,0,1
268,1,1,1
269,1,1,1
270,1,1,1
271,1,1,1
272,4,1,1
273,1,1,1
274,22,1,1
275,1,1,1
276,4,1,1
277,1,1,0
278,1,1,1
279,16,0,1
280,4,1,1
281,4,1,1
282,6,1,1
283,1,1,1
284,4,1,1
285,4,1,1
286,4,1,1
287,2,0,1
288,2,0,1
289,1,1,1
290,2,0,1
291,1,1,1
292,1,1,1
293,27,0,1
294,2,0,1
295,6,1,1
296,1,1,1
297,4,1,1
298,2,0,1
299,2,0,1
300,1,1,1
301,8,0,1
302,22,1,1
303,1,1,1
304,2,0,1
305,2,0,1
306,6,1,1
307,1,1,0
308,6,1,1
309,1,1,1
310,2,0,1
311,2,0,1
312,2,0,1
313,1,1,1
314,1,1,1
315,1,1,1
316,2,0,1
317,6,1,1
318,2,0,1
319,2,0,1
320,1,1,1
321,4,1,1
322,2,0,1
323,2,0,1
324,8,0,1
325,2,0,1
326,16,0,1
327,11,0,1
328,1,1,1
329,1,1,1
330,2,0,1
331,6,1,1
332,1,1,1
333,2,0,1
334,1,1,1
335,2,0,1
336,1,1,1
337,20,0,1
338,1,1,1
339,2,0,1
340,1,1,1
341,10,1,1
342,1,1,1
343,22,1,1
344,23,0,1
345,4,1,1
346,1,1,1
347,2,0,1
348,1,1,1
349,1,1,1
350,2,0,1
351,1,1,1
352,1,1,1
353,10,1,1
354,1,1,1
355,2,0,1
356,1,1,1
357,6,1,1
358,1,1,1
359,2,0,1
360,1,1,1
361,25,1,1
362,22,1,1
363,2,0,1
364,6,1,1
365,8,0,1
366,1,1,1
367,2,0,1
368,6,1,1
369,1,1,1
370,2,0,1
371,2,0,1
372,1,1,1
373,1,1,1
374,6,1,1
375,4,1,1
376,6,1,1
377,2,0,1
378,27,0,1
379,4,1,1
380,1,1,1
381,1,1,1
382,4,1,1
383,2,0,1
384,8,0,1
385,8,0,1
386,2,0,1
387,1,1,1
388,1,1,1
389,4,1,1
390,2,0,1
391,1,1,1
392,1,1,1
393,2,0,1
394,1,1,1
395,2,0,1
396,22,1,1
397,1,1,1
398,6,1,1
399,6,1,1
400,6,1,1
401,2,0,1
402,1,1,1
403,2,0,1
404,2,0,1
405,1,1,1
406,6,1,1
407,2,0,1
408,4,1,1
409,10,1,1
410,6,1,1
411,8,0,1
412,1,1,1
413,6,1,1
414,1,1,0
415,4,1,1
416,1,1,1
417,2,0,1
418,1,1,1
419,2,0,1
420,8,0,1
421,8,0,1
422,1,1,1
423,2,0,1
424,1,1,1
425,4,1,1
426,2,0,1
427,2,0,1
428,20,0,1
429,1,1,1
430,10,1,1
431,1,1,1
432,1,1,1
433,8,0,1
434,1,1,1
435,6,1,1
436,2,0,1
437,2,0,1
438,6,1,1
439,6,1,1
440,6,1,1
441,10,1,1
442,22,1,1
443,4,1,1
444,1,1,1
445,8,0,1
446,6,1,1
447,1,1,1
448,2,0,1
449,8,0,1
450,8,0,1
451,2,0,1
452,2,0,1
453,4,1,1
454,1,1,1
455,4,1,1
456,1,1,1
457,4,1,1
458,22,1,1
459,1,1,1
460,1,1,1
461,8,0,1
462,10,1,1
463,2,0,1
464,6,1,1
465,1,1,1
466,25,1,1
467,4,1,1
468,2,0,1
469,2,0,1
470,2,0,1
471,2,0,1
472,6,1,1
473,6,1,1
474,1,1,1
475,1,1,1
476,1,1,1
477,2,0,1
478,1,1,1
479,8,0,1
480,1,1,1
481,10,1,1
482,2,0,1
483,6,1,1
484,6,1,1
485,8,0,1
486,1,1,1
487,2,0,1
488,6,1,1
489,2,0,1
490,2,0,1
491,2,0,1
492,6,1,1
493,2,0,1
494,8,0,1
495,1,1,1
496,2,0,1
497,4,1,1
498,4,1,1
499,20,0,1
500,6,1,1
501,1,1,1
502,6,1,1
503,2,0,1
504,1,1,1
505,2,0,1
506,2,0,1
507,1,1,1
508,2,0,1
509,2,0,1
510,6,1,1
511,2,0,1
512,1,1,1
513,1,1,1
514,2,0,1
515,20,0,1
516,1,1,1
517,4,1,1
518,6,1,1
519,2,0,1
520,10,1,1
521,25,1,1
522,6,1,1
523,4,1,1
524,1,1,1
525,1,1,1
526,4,1,1
527,6,1,1
528,4,1,1
529,1,1,1
530,1,1,1
531,4,1,1
532,6,1,1
533,1,1,1
534,4,1,1
535,2,0,1
536,4,1,1
537,2,0,1
538,1,1,1
539,8,0,1
540,2,0,1
541,6,1,1
542,1,1,1
543,1,1,1
544,1,1,1
545,1,1,1
546,23,0,1
547,6,1,1
548,4,1,1
549,5,0,1
550,4,1,1
551,2,0,1
552,2,0,1
553,1,1,1
554,2,0,1
555,2,0,1
556,1,1,1
557,2,0,1
558,2,0,1
559,2,0,1
560,2,0,1
561,2,0,1
562,1,1,1
563,1,1,1
564,2,0,1
565,22,1,1
566,1,1,1
567,1,1,1
568,4,1,1
569,4,1,1
570,2,0,1
571,1,1,1
572,2,0,1
573,2,0,1
574,6,1,1
575,23,0,1
576,2,0,1
577,2,0,1
578,6,1,1
579,1,1,1
580,4,1,1
581,2,0,1
582,20,0,1
583,6,1,1
584,20,0,1
585,2,0,1
586,25,1,1
587,2,0,1
588,1,1,1
589,6,1,1
590,2,0,1
591,1,1,1
592,2,0,1
593,10,1,1
594,20,0,1
595,8,0,1
596,8,0,1
597,10,1,1
598,6,1,1
599,2,0,1
600,2,0,1
601,10,1,1
602,1,1,1
603,2,0,1
604,23,0,1
605,4,1,1
606,1,1,0
607,1,1,1
608,6,1,1
609,1,1,1
610,1,1,1
611,2,0,1
612,22,1,1
613,6,1,1
614,1,1,1
615,8,0,1
616,2,0,1
617,1,1,1
618,2,0,1
619,2,0,1
620,4,1,1
621,1,1,1
622,2,0,1
623,6,1,1
624,2,0,1
625,16,0,1
626,6,1,1
627,1,1,1
628,2,0,1
629,1,1,1
630,4,1,1
631,8,0,1
632,2,0,1
633,2,0,1
634,1,1,1
635,2,0,1
636,20,0,1
637,2,0,1
638,2,0,1
639,2,0,1
640,4,1,1
641,1,1,1
642,1,1,1
643,2,0,1
644,6,1,1
645,1,1,1
646,2,0,1
647,1,1,1
648,2,0,1
649,4,1,1
650,4,1,1
651,20,0,1
652,8,0,1
653,2,0,1
654,8,0,1
655,2,0,1
656,1,1,1
657,1,1,1
658,27,0,1
659,4,1,1
660,2,0,1
661,6,1,1
662,4,1,1
663,1,1,1
664,10,1,1
665,2,0,1
666,1,1,1
667,1,1,1
668,4,1,1
669,6,1,1
670,2,0,1
671,2,0,1
672,1,1,1
673,4,1,1
674,2,0,1
675,1,1,1
676,6,1,1
677,8,0,1
678,2,0,1
679,1,1,1
680,1,1,1
681,4,1,1
682,8,0,1
683,1,1,1
684,10,1,1
685,1,1,1
686,1,1,1
687,10,1,1
688,1,1,1
689,8,0,1
690,10,1,1
691,2,0,1
692,16,0,1
693,6,1,1
694,2,0,1
695,20,0,1
696,1,1,1
697,2,0,1
698,10,1,1
699,4,1,1
700,2,0,1
701,2,0,1
702,1,1,1
703,8,0,1
704,4,1,1
705,2,0,1
706,1,1,1
707,1,1,1
708,1,1,1
709,1,1,1
710,1,1,1
711,6,1,1
712,1,1,1
713,1,1,1
714,1,1,1
715,1,1,1
716,1,1,1
717,10,1,1
718,1,1,1
719,1,1,1
720,1,1,1
721,6,1,1
722,1,1,1
723,2,0,1
724,2,0,1
725,2,0,1
726,1,1,1
727,1,1,1
728,2,0,1
729,2,0,1
730,2,0,1
731,6,1,1
732,1,1,1
733,1,1,1
734,2,0,1
735,33,0,1
736,8,0,1
737,10,1,1
738,2,0,1
739,1,1,1
740,2,0,1
741,6,1,1
742,8,0,1
743,10,1,1
744,27,0,1
745,10,1,1
746,10,1,1
747,1,1,1
748,1,1,1
749,1,1,1
750,4,1,1
751,1,1,1
752,1,1,1
753,6,1,1
754,30,0,1
755,23,0,1
756,2,0,1
757,27,0,1
758,1,1,1
759,1,1,1
760,1,1,1
761,1,1,1
762,4,1,1
763,1,1,1
764,6,1,1
765,1,1,1
766,1,1,1
767,1,1,1
768,16,0,1
769,1,1,1
770,25,1,1
771,6,1,1
772,1,1,1
773,2,0,1
774,1,1,1
775,1,1,1
776,27,0,1
777,2,0,1
778,2,0,1
779,2,0,1
780,6,1,1
781,4,1,1
782,4,1,1
783,2,0,1
784,4,1,1
785,2,0,1
786,6,1,1
787,10,1,1
788,1,1,1
789,1,1,1
790,2,0,1
791,2,0,1
792,2,0,1
793,1,1,1
794,1,1,1
795,8,0,1
796,6,1,1
797,4,1,1
798,4,1,1
