vote,public_key_id,honest,valid
0,37,1,1
1,3,1,1
2,28,1,1
3,27,0,1
4,7,0,1
5,22,1,1
6,1,1,1
7,29,1,1
8,9,1,1
9,20,1,1
10,23,1,1
11,20,1,1
12,23,1,1
13,48,0,1
14,10,1,1
15,27,0,1
16,3,1,1
17,8,1,1
18,3,1,1
19,23,1,1
20,29,1,1
21,48,0,1
22,42,1,1
23,43,0,1
24,33,0,1
25,6,1,1
26,21,0,1
27,61,1,1
28,23,1,1
29,21,0,1
30,3,1,1
31,12,1,1
32,8,1,1
33,0,0,1
34,21,0,1
35,40,1,1
36,44,0,1
37,0,0,1
38,1,1,1
39,7,0,1
40,7,0,1
41,8,1,1
42,1,1,1
43,25,0,1
44,0,0,1
45,48,0,1
46,29,1,1
47,1,1,1
48,23,1,1
49,20,1,1
50,7,0,1
51,27,0,1
52,37,1,1
53,13,1,1
54,21,0,1
55,27,0,1
56,42,1,1
57,1,1,1
58,7,0,1
59,5,1,1
60,12,1,1
61,12,1,1
62,43,0,1
63,8,1,1
64,7,0,1
65,13,1,1
66,21,0,1
67,5,1,1
68,47,1,1
69,25,0,1
70,37,1,1
71,21,0,1
72,21,0,1
73,21,0,1
74,8,1,1
75,29,1,1
76,7,0,1
77,12,1,1
78,44,0,1
79,12,1,1
80,0,0,1
81,40,1,1
82,25,0,1
83,6,1,1
84,7,0,1
85,1,1,1
86,43,0,1
87,42,1,1
88,40,1,1
89,10,1,1
90,1,1,1
91,43,0,1
92,12,1,1
93,6,1,1
94,21,0,1
95,13,1,1
96,55,1,1
97,12,1,1
98,1,1,1
99,23,1,1
100,24,0,1
101,16,1,1
102,16,1,1
103,1,1,1
104,29,1,1
105,25,0,1
106,44,0,1
107,38,1,1
108,43,0,1
109,10,1,1
110,23,1,1
111,34,0,1
112,9,1,1
113,23,1,1
114,43,0,1
115,9,1,1
116,3,1,1
117,46,0,1
118,16,1,1
119,48,0,1
120,23,1,1
121,23,1,1
122,18,1,1
123,21,0,1
124,0,0,1
125,36,0,1
126,33,0,1
127,0,0,1
128,10,1,1
129,27,0,1
130,24,0,1
131,40,1,1
132,20,1,1
133,22,1,1
134,5,1,1
135,33,0,1
136,48,0,1
137,38,1,1
138,12,1,1
139,16,1,1
140,33,0,1
141,40,1,1
142,10,1,1
143,16,1,1
144,7,0,1
145,7,0,1
146,8,1,1
147,43,0,1
148,55,1,1
149,10,1,1
150,13,1,1
151,31,1,1
152,0,0,1
153,7,0,1
154,9,1,1
155,18,1,1
156,48,0,1
157,28,1,1
158,23,1,1
159,0,0,1
160,19,1,1
161,18,1,1
162,25,0,1
163,25,0,1
164,42,1,1
165,9,1,1
166,33,0,1
167,37,1,1
168,59,1,1
169,7,0,1
170,44,0,1
171,21,0,1
172,23,1,1
173,1,1,1
174,23,1,1
175,27,0,1
176,21,0,1
177,13,1,1
178,5,1,1
179,23,1,1
180,18,1,1
181,25,0,1
182,40,1,1
183,62,0,1
184,37,1,1
185,29,1,1
186,23,1,1
187,55,1,1
188,42,1,1
189,27,0,1
190,22,1,1
191,7,0,1
192,24,0,1
193,25,0,1
194,24,0,1
195,12,1,1
196,21,0,1
197,7,0,1
198,60,1,1
199,0,0,1
200,43,0,1
201,28,1,1
202,33,0,1
203,29,1,1
204,40,1,1
205,24,0,1
206,0,0,1
207,41,0,1
208,20,1,1
209,23,1,1
210,3,1,1
211,20,1,1
212,5,1,1
213,6,1,1
214,25,0,1
215,23,1,1
216,28,1,1
217,7,0,1
218,43,0,1
219,28,1,1
220,0,0,1
221,10,1,1
222,9,1,1
223,35,0,1
224,23,1,1
225,22,1,1
226,6,1,1
227,23,1,1
228,8,1,1
229,48,0,1
230,8,1,1
231,28,1,1
232,13,1,1
233,30,0,1
234,7,0,1
235,7,0,1
236,20,1,1
237,28,1,1
238,8,1,1
239,40,1,1
240,13,1,1
241,37,1,1
242,43,0,1
243,0,0,1
244,10,1,1
245,54,1,1
246,13,1,1
247,9,1,1
248,18,1,1
249,26,1,1
250,24,0,1
251,23,1,1
252,27,0,1
253,48,0,1
254,29,1,1
255,16,1,1
256,28,1,1
257,20,1,1
258,21,0,1
259,18,1,1
260,22,1,1
261,57,0,1
262,19,1,1
263,10,1,1
264,6,1,1
265,21,0,1
266,13,1,1
267,41,0,1
268,26,1,1
269,16,1,1
270,31,1,1
271,9,1,1
272,0,0,1
273,18,1,1
274,21,0,1
275,16,1,1
276,3,1,1
277,10,1,1
278,21,0,1
279,49,1,1
280,7,0,1
281,24,0,1
282,24,0,1
283,23,1,1
284,9,1,1
285,21,0,1
286,31,1,1
287,48,0,1
288,1,1,1
289,33,0,1
290,42,1,1
291,28,1,1
292,1,1,1
293,7,0,1
294,6,1,1
295,19,1,1
296,22,1,1
297,7,0,1
298,21,0,1
299,7,0,1
300,7,0,1
301,7,0,1
302,23,1,1
303,44,0,1
304,44,0,1
305,47,1,1
306,37,1,1
307,21,0,1
308,23,1,1
309,24,0,1
310,33,0,1
311,26,1,1
312,23,1,1
313,43,0,1
314,9,1,1
315,52,0,1
316,28,1,1
317,10,1,1
318,42,1,1
319,7,0,1
320,5,1,1
321,27,0,1
322,42,1,1
323,21,0,1
324,37,1,1
325,25,0,1
326,23,1,1
327,37,1,1
328,33,0,1
329,20,1,1
330,29,1,1
331,30,0,1
332,7,0,1
333,0,0,1
334,5,1,1
335,42,1,1
336,34,0,1
337,0,0,1
338,28,1,1
339,28,1,1
340,49,1,1
341,28,1,1
342,0,0,1
343,0,0,1
344,7,0,1
345,10,1,1
346,37,1,1
347,33,0,1
348,44,0,1
349,10,1,1
350,27,0,1
351,13,1,1
352,20,1,1
353,42,1,1
354,7,0,1
355,21,0,1
356,21,0,1
357,13,1,1
358,1,1,1
359,21,0,1
360,28,1,1
361,43,0,1
362,37,1,1
363,48,0,1
364,18,1,1
365,16,1,1
366,8,1,1
367,27,0,1
368,7,0,1
369,43,0,1
370,1,1,1
371,19,1,1
372,9,1,1
373,37,1,1
374,37,1,1
375,10,1,1
376,41,0,1
377,22,1,1
378,3,1,1
379,24,0,1
380,13,1,1
381,27,0,1
382,38,1,1
383,25,0,1
384,54,1,1
385,19,1,1
386,5,1,1
387,43,0,1
388,10,1,1
389,37,1,1
390,44,0,1
391,48,0,1
392,18,1,1
393,18,1,1
394,10,1,1
395,9,1,1
396,29,1,1
397,7,0,1
398,20,1,1
399,27,0,1
400,47,1,1
401,28,1,1
402,27,0,1
403,24,0,1
404,1,1,1
405,12,1,1
406,43,0,1
407,7,0,1
408,21,0,1
409,8,1,1
410,13,1,1
411,12,1,1
412,5,1,1
413,25,0,1
414,16,1,1
415,42,1,1
416,0,0,1
417,7,0,1
418,8,1,1
419,7,0,1
420,5,1,1
421,20,1,1
422,6,1,1
423,48,0,1
424,5,1,1
425,49,1,1
426,10,1,1
427,3,1,1
428,22,1,1
429,6,1,1
430,21,0,1
431,28,1,1
432,29,1,1
433,9,1,1
434,6,1,1
435,13,1,1
436,6,1,1
437,31,1,1
438,16,1,1
439,44,0,1
440,21,0,1
441,8,1,1
442,3,1,1
443,0,0,1
444,43,0,1
445,33,0,1
446,0,0,1
447,29,1,1
448,5,1,1
449,9,1,1
450,10,1,1
451,13,1,1
452,0,0,1
453,26,1,1
454,21,0,1
455,13,1,1
456,16,1,1
457,0,0,1
458,13,1,1
459,13,1,1
460,7,0,1
461,10,1,1
462,12,1,1
463,5,1,1
464,9,1,1
465,33,0,1
466,21,0,1
467,9,1,1
468,29,1,1
469,29,1,1
470,42,1,1
471,30,0,1
472,21,0,1
473,49,1,1
474,27,0,1
475,34,0,1
476,5,1,1
477,29,1,1
478,3,1,1
479,24,0,1
480,21,0,1
481,10,1,1
482,10,1,1
483,28,1,1
484,23,1,1
485,10,1,1
486,7,0,1
487,7,0,1
488,9,1,1
489,0,0,1
490,27,0,1
491,3,1,1
492,21,0,1
493,1,1,1
494,13,1,1
495,42,1,1
496,0,0,1
497,37,1,1
498,0,0,1
499,18,1,1
500,34,0,1
501,49,1,1
502,7,0,1
503,16,1,1
504,33,0,1
505,18,1,1
506,16,1,1
507,28,1,1
508,3,1,1
509,25,0,1
510,3,1,1
511,42,1,1
512,40,1,1
513,18,1,1
514,1,1,1
515,3,1,1
516,10,1,1
517,0,0,1
518,5,1,1
519,38,1,1
520,10,1,1
521,28,1,1
522,41,0,1
523,12,1,1
524,40,1,1
525,49,1,1
526,23,1,1
527,10,1,1
528,13,1,1
529,22,1,1
530,10,1,1
531,12,1,1
532,10,1,1
533,6,1,1
534,18,1,1
535,16,1,1
536,6,1,1
537,19,1,1
538,9,1,1
539,6,1,1
540,27,0,1
541,8,1,1
542,49,1,1
543,19,1,1
544,20,1,1
545,0,0,1
546,29,1,1
547,33,0,1
548,21,0,1
549,1,1,1
550,1,1,1
551,54,1,1
552,6,1,1
553,6,1,1
554,0,0,1
555,0,0,1
556,12,1,1
557,37,1,1
558,16,1,1
559,37,1,1
560,24,0,1
561,16,1,1
562,49,1,1
563,18,1,1
564,34,0,1
565,0,0,1
566,5,1,1
567,5,1,1
568,5,1,1
569,23,1,1
570,50,0,1
571,41,0,1
572,44,0,1
573,24,0,1
574,40,1,1
575,1,1,1
576,18,1,1
577,20,1,1
578,12,1,1
579,37,1,1
580,27,0,1
581,6,1,1
582,28,1,1
583,6,1,1
584,34,0,1
585,13,1,1
586,24,0,1
587,41,0,1
588,8,1,1
589,12,1,1
590,25,0,1
591,18,1,1
592,0,0,1
593,33,0,1
594,7,0,1
595,43,0,1
596,21,0,1
597,54,1,1
598,7,0,1
599,12,1,1
600,1,1,1
601,34,0,1
602,10,1,1
603,50,0,1
604,62,0,1
605,8,1,1
606,28,1,1
607,6,1,1
608,1,1,1
609,24,0,1
610,18,1,1
611,31,1,1
612,12,1,1
613,20,1,1
614,23,1,1
615,44,0,1
616,0,0,1
617,37,1,1
618,20,1,1
619,25,0,1
620,8,1,1
621,6,1,1
622,19,1,1
623,50,0,1
624,10,1,1
625,29,1,1
626,22,1,1
627,7,0,1
628,21,0,1
629,21,0,1
630,3,1,1
631,21,0,1
632,13,1,1
633,6,1,1
634,6,1,1
635,6,1,1
636,37,1,1
637,21,0,1
638,24,0,1
639,13,1,1
640,10,1,1
641,10,1,1
642,8,1,1
643,21,0,1
644,27,0,1
645,16,1,1
646,3,1,1
647,31,1,1
648,5,1,1
649,37,1,1
650,38,1,1
651,27,0,1
652,37,1,1
653,47,1,1
654,20,1,1
655,27,0,1
656,12,1,1
657,3,1,1
658,43,0,1
659,0,0,1
660,8,1,1
661,13,1,1
662,44,0,1
663,24,0,1
664,6,1,1
665,42,1,1
666,3,1,1
667,60,1,1
668,21,0,1
669,21,0,1
670,0,0,1
671,40,1,1
672,7,0,1
673,21,0,1
674,6,1,1
675,44,0,1
676,31,1,1
677,0,0,1
678,47,1,1
679,23,1,1
680,7,0,1
681,42,1,1
682,10,1,1
683,21,0,1
684,23,1,1
685,43,0,1
686,28,1,1
687,8,1,1
688,16,1,1
689,55,1,1
690,8,1,1
691,10,1,1
692,31,1,1
693,9,1,1
694,16,1,1
695,26,1,1
696,13,1,1
697,43,0,1
698,31,1,1
699,3,1,1
700,10,1,1
701,21,0,1
702,33,0,1
703,3,1,1
704,7,0,1
705,0,0,1
706,9,1,1
707,13,1,1
708,1,1,1
709,28,1,1
710,10,1,1
711,1,1,1
712,1,1,1
713,36,0,1
714,27,0,1
715,31,1,1
716,21,0,1
717,13,1,1
718,27,0,1
719,1,1,1
720,44,0,1
721,44,0,1
722,48,0,1
723,21,0,1
724,28,1,1
725,22,1,1
726,18,1,1
727,23,1,1
728,33,0,1
729,42,1,1
730,42,1,1
731,44,0,1
732,12,1,1
733,10,1,1
734,6,1,1
735,7,0,1
736,6,1,1
737,23,1,1
738,25,0,1
739,43,0,1
740,29,1,1
741,18,1,1
742,21,0,1
743,12,1,1
744,44,0,1
745,21,0,1
746,33,0,1
747,23,1,1
748,0,0,1
749,1,1,1
750,20,1,1
751,1,1,1
752,3,1,1
753,23,1,1
754,0,0,1
755,44,0,1
756,10,1,1
757,25,0,1
758,31,1,1
759,21,0,1
760,13,1,1
761,0,0,1
762,21,0,1
763,10,1,1
764,0,0,1
765,24,0,1
766,62,0,1
767,57,0,1
768,5,1,1
769,26,1,1
770,43,0,1
771,48,0,1
772,29,1,1
773,6,1,1
774,7,0,1
775,18,1,1
776,5,1,1
777,42,1,1
778,16,1,1
779,49,1,1
780,18,1,1
781,33,0,1
782,21,0,1
783,40,1,1
784,40,1,1
785,5,1,1
786,13,1,1
787,29,1,1
788,21,0,1
789,22,1,1
790,5,1,1
791,27,0,1
792,12,1,1
793,33,0,1
794,8,1,1
795,25,0,1
796,3,1,1
