vote,public_key_id,honest,valid
0,0,1,1
1,6,0,1
2,0,1,1
3,6,0,1
4,1,1,1
5,2,1,1
6,3,0,1
7,13,0,1
8,0,1,1
9,7,1,1
10,0,1,1
11,0,1,1
12,0,1,1
13,3,0,1
14,2,1,1
15,0,1,1
16,1,1,1
17,5,0,1
18,1,1,1
19,1,1,1
20,16,1,1
21,1,1,1
22,13,0,1
23,14,1,1
24,0,1,1
25,7,1,1
26,3,0,1
27,11,0,1
28,6,0,1
29,3,0,1
30,13,0,1
31,13,0,1
32,3,0,1
33,7,1,1
34,2,1,1
35,7,1,1
36,3,0,1
37,2,1,1
38,3,0,1
39,17,0,1
40,12,1,1
41,1,1,1
42,3,0,1
43,16,1,1
44,16,1,1
45,6,0,1
46,0,1,1
47,6,0,1
48,6,0,1
49,16,1,1
50,0,1,1
51,12,1,1
52,8,1,1
53,3,0,1
54,8,1,1
55,1,1,1
56,6,0,1
57,0,1,1
58,0,1,1
59,6,0,1
60,8,1,1
61,7,1,1
62,6,0,1
63,13,0,1
64,6,0,1
65,0,1,1
66,6,0,1
67,0,1,1
68,7,1,1
69,3,0,1
70,0,1,1
71,0,1,1
72,2,1,1
73,0,1,1
74,3,0,1
75,0,1,1
76,6,0,1
77,3,0,1
78,10,1,1
79,2,1,1
80,12,1,1
81,8,1,1
82,8,1,1
83,8,1,1
84,15,0,1
85,0,1,1
86,2,1,1
87,2,1,1
88,14,1,1
89,13,0,1
90,1,1,1
91,6,0,1
92,6,0,1
93,0,1,1
94,0,1,1
95,12,1,1
96,7,1,1
97,6,0,1
98,10,1,1
99,6,0,1
100,8,1,1
101,6,0,1
102,6,0,1
103,6,0,1
104,16,1,1
105,1,1,1
106,6,0,1
107,16,1,1
108,14,1,1
109,17,0,1
110,1,1,1
111,3,0,1
112,0,1,1
113,1,1,1
114,6,0,1
115,0,1,1
116,16,1,1
117,16,1,1
118,1,1,1
119,18,1,1
120,3,0,1
121,2,1,1
122,6,0,1
123,12,1,1
124,0,1,1
125,1,1,1
126,0,1,1
127,19,0,1
128,6,0,1
129,2,1,1
130,0,1,1
131,16,1,1
132,1,1,1
133,6,0,1
134,0,1,1
135,7,1,1
136,0,1,1
137,7,1,1
138,3,0,1
139,6,0,1
140,10,1,1
141,1,1,1
142,1,1,1
143,10,1,1
144,18,1,1
145,3,0,1
146,2,1,1
147,7,1,1
148,6,0,1
149,13,0,1
150,8,1,1
151,6,0,1
152,6,0,1
153,16,1,1
154,2,1,1
155,13,0,1
156,0,1,1
157,8,1,1
158,2,1,1
159,11,0,1
160,3,0,1
161,2,1,1
162,6,0,1
163,11,0,1
164,6,0,1
165,2,1,1
166,13,0,1
167,3,0,1
168,0,1,1
169,5,0,1
170,0,1,1
171,3,0,1
172,1,1,1
173,14,1,1
174,12,1,1
175,16,1,1
176,6,0,1
177,1,1,1
178,6,0,1
179,8,1,1
180,6,0,1
181,7,1,1
182,6,0,1
183,0,1,1
184,0,1,1
185,12,1,1
186,16,1,1
187,13,0,1
188,7,1,1
189,1,1,1
190,3,0,1
191,3,0,1
192,6,0,1
193,3,0,1
194,8,1,1
195,0,1,1
196,8,1,1
197,2,1,1
198,6,0,1
199,3,0,1
200,0,1,1
201,8,1,1
202,1,1,1
203,12,1,1
204,6,0,1
205,0,1,1
206,16,1,1
207,16,1,1
208,6,0,1
209,8,1,1
210,6,0,1
211,8,1,1
212,6,0,1
213,7,1,1
214,7,1,1
215,14,1,1
216,3,0,1
217,8,1,1
218,10,1,1
219,6,0,1
220,0,1,1
221,0,1,1
222,13,0,1
223,0,1,1
224,6,0,1
225,2,1,1
226,3,0,1
227,6,0,1
228,0,1,1
229,13,0,1
230,7,1,1
231,2,1,1
232,18,1,1
233,0,1,1
234,3,0,1
235,10,1,1
236,1,1,1
237,8,1,1
238,6,0,1
239,0,1,1
240,0,1,1
241,6,0,1
242,2,1,1
243,8,1,1
244,6,0,1
245,2,1,1
246,18,1,1
247,10,1,1
248,6,0,1
249,1,1,1
250,7,1,1
251,3,0,1
252,2,1,1
253,6,0,1
254,6,0,1
255,3,0,1
256,6,0,1
257,6,0,1
258,8,1,1
259,0,1,1
260,1,1,1
261,2,1,1
262,0,1,1
263,3,0,1
264,2,1,1
265,0,1,1
266,8,1,1
267,19,0,1
268,8,1,1
269,3,0,1
270,0,1,1
271,16,1,1
272,1,1,1
273,2,1,1
274,1,1,1
275,6,0,1
276,0,1,1
277,8,1,1
278,17,0,1
279,16,1,1
280,16,1,1
281,0,1,1
282,8,1,1
283,0,1,1
284,16,1,1
285,10,1,1
286,5,0,1
287,7,1,1
288,5,0,1
289,16,1,1
290,0,1,1
291,6,0,1
292,6,0,1
293,8,1,1
294,6,0,1
295,10,1,1
296,6,0,1
297,0,1,1
298,7,1,1
299,3,0,1
300,7,1,1
301,3,0,1
302,0,1,1
303,5,0,1
304,2,1,1
305,7,1,1
306,1,1,1
307,8,1,1
308,17,0,1
309,1,1,1
310,1,1,1
311,0,1,1
312,7,1,1
313,2,1,1
314,8,1,1
315,1,1,1
316,14,1,1
317,8,1,1
318,16,1,1
319,1,1,1
320,6,0,1
321,8,1,1
322,8,1,1
323,6,0,1
324,15,0,1
325,3,0,1
326,3,0,1
327,6,0,1
328,13,0,1
329,0,1,1
330,0,1,1
331,8,1,1
332,7,1,1
333,14,1,1
334,0,1,1
335,0,1,1
336,1,1,1
337,10,1,1
338,6,0,1
339,10,1,1
340,3,0,1
341,8,1,1
342,6,0,1
343,0,1,1
344,6,0,1
345,0,1,1
346,18,1,1
347,13,0,1
348,3,0,1
349,2,1,1
350,10,1,1
351,2,1,1
352,6,0,1
353,0,1,1
354,0,1,1
355,8,1,1
356,7,1,1
357,3,0,1
358,1,1,1
359,3,0,1
360,6,0,1
361,3,0,1
362,10,1,1
363,14,1,1
364,13,0,1
365,6,0,1
366,6,0,1
367,3,0,1
368,5,0,1
369,2,1,1
370,3,0,1
371,3,0,1
372,10,1,1
373,7,1,1
374,13,0,1
375,13,0,1
376,0,1,1
377,2,1,1
378,12,1,1
379,6,0,1
380,3,0,1
381,2,1,1
382,0,1,1
383,15,0,1
384,7,1,1
385,14,1,1
386,7,1,1
387,6,0,1
388,7,1,1
389,10,1,1
390,2,1,1
391,2,1,1
392,6,0,1
393,0,1,1
394,0,1,1
395,10,1,1
396,6,0,1
397,13,0,1
398,7,1,1
399,0,1,1
400,3,0,1
401,1,1,1
402,7,1,1
403,2,1,1
404,0,1,1
405,7,1,1
406,6,0,1
407,0,1,1
408,6,0,1
409,10,1,1
410,1,1,1
411,0,1,1
412,7,1,1
413,6,0,1
414,1,1,1
415,17,0,1
416,1,1,1
417,1,1,1
418,1,1,1
419,6,0,1
420,6,0,1
421,6,0,1
422,0,1,1
423,13,0,1
424,2,1,1
425,7,1,1
426,6,0,1
427,0,1,1
428,6,0,1
429,7,1,1
430,16,1,1
431,2,1,1
432,10,1,1
433,6,0,1
434,7,1,1
435,8,1,1
436,3,0,1
437,3,0,1
438,16,1,1
439,0,1,1
440,7,1,1
441,18,1,1
442,5,0,1
443,1,1,1
444,14,1,1
445,2,1,1
446,2,1,1
447,0,1,1
448,10,1,1
449,6,0,1
450,8,1,1
451,0,1,1
452,1,1,1
453,16,1,1
454,2,1,1
455,11,0,1
456,6,0,1
457,0,1,1
458,0,1,1
459,1,1,1
460,6,0,1
461,6,0,1
462,11,0,1
463,6,0,1
464,12,1,1
465,0,1,1
466,18,1,1
467,10,1,1
468,19,0,1
469,0,1,1
470,7,1,1
471,1,1,1
472,10,1,1
473,16,1,1
474,0,1,1
475,6,0,1
476,6,0,1
477,0,1,1
478,2,1,1
479,2,1,1
480,6,0,1
481,0,1,1
482,3,0,1
483,1,1,1
484,6,0,1
485,3,0,1
486,3,0,1
487,6,0,1
488,6,0,1
489,2,1,1
490,6,0,1
491,10,1,1
492,0,1,1
493,8,1,1
494,0,1,1
495,10,1,1
496,0,1,1
497,3,0,1
498,6,0,1
499,0,1,1
500,18,1,1
501,7,1,1
502,8,1,1
503,6,0,1
504,6,0,1
505,2,1,1
506,8,1,1
507,7,1,1
508,10,1,1
509,15,0,1
510,16,1,1
511,18,1,1
512,6,0,1
513,8,1,1
514,0,1,1
515,0,1,1
516,1,1,1
517,12,1,1
518,2,1,1
519,19,0,1
520,2,1,1
521,11,0,1
522,3,0,1
523,2,1,1
524,19,0,1
525,1,1,1
526,2,1,1
527,0,1,1
528,6,0,1
529,6,0,1
530,2,1,1
531,17,0,1
532,16,1,1
533,0,1,1
534,14,1,1
535,3,0,1
536,7,1,1
537,8,1,1
538,6,0,1
539,6,0,1
540,6,0,1
541,15,0,1
542,3,0,1
543,17,0,1
544,6,0,1
545,6,0,1
546,2,1,1
547,8,1,1
548,1,1,1
549,3,0,1
550,7,1,1
551,6,0,1
552,0,1,1
553,0,1,1
554,13,0,1
555,2,1,1
556,3,0,1
557,14,1,1
558,13,0,1
559,13,0,1
560,0,1,1
561,13,0,1
562,1,1,1
563,16,1,1
564,19,0,1
565,3,0,1
566,1,1,1
567,14,1,1
568,3,0,1
569,0,1,1
570,6,0,1
571,0,1,1
572,7,1,1
573,7,1,1
574,12,1,1
575,16,1,1
576,0,1,1
577,2,1,1
578,0,1,1
579,10,1,1
580,2,1,1
581,8,1,1
582,13,0,1
583,12,1,1
584,16,1,1
585,13,0,1
586,12,1,1
587,8,1,1
588,8,1,1
589,0,1,1
590,0,1,1
591,8,1,1
592,6,0,1
593,3,0,1
594,8,1,1
595,6,0,1
596,6,0,1
597,6,0,1
598,3,0,1
599,8,1,1
600,8,1,1
601,16,1,1
602,2,1,1
603,8,1,1
604,3,0,1
605,6,0,1
606,19,0,1
607,2,1,1
608,14,1,1
609,0,1,1
610,8,1,1
611,3,0,1
612,0,1,1
613,7,1,1
614,0,1,1
615,0,1,1
616,2,1,1
617,6,0,1
618,3,0,1
619,6,0,1
620,7,1,1
621,6,0,1
622,0,1,1
623,0,1,1
624,1,1,1
625,3,0,1
626,5,0,1
627,0,1,1
628,3,0,1
629,0,1,1
630,13,0,1
631,2,1,1
632,12,1,1
633,13,0,1
634,14,1,1
635,6,0,1
636,0,1,1
637,10,1,1
638,7,1,1
639,0,1,1
640,10,1,1
641,10,1,1
642,8,1,1
643,2,1,1
644,2,1,1
645,2,1,1
646,0,1,1
647,8,1,1
648,6,0,1
649,6,0,1
650,14,1,1
651,15,0,1
652,1,1,1
653,0,1,1
654,2,1,1
655,8,1,1
656,2,1,1
657,7,1,1
658,0,1,1
659,19,0,1
660,6,0,1
661,0,1,1
662,6,0,1
663,3,0,1
664,15,0,1
665,2,1,1
666,2,1,1
667,8,1,1
668,6,0,1
669,3,0,1
670,16,1,1
671,13,0,1
672,6,0,1
673,5,0,1
674,6,0,1
675,2,1,1
676,0,1,1
677,16,1,1
678,12,1,1
679,3,0,1
680,8,1,1
681,1,1,1
682,6,0,1
683,0,1,1
684,6,0,1
685,6,0,1
686,17,0,1
687,8,1,1
688,3,0,1
689,11,0,1
690,10,1,1
691,2,1,1
692,3,0,1
693,14,1,1
694,0,1,1
695,7,1,1
696,10,1,1
697,2,1,1
698,8,1,1
699,0,1,1
700,8,1,1
701,0,1,1
702,6,0,1
703,1,1,1
704,2,1,1
705,0,1,1
706,7,1,1
707,12,1,1
708,6,0,1
709,1,1,1
710,1,1,1
711,2,1,1
712,13,0,1
713,15,0,1
714,3,0,1
715,17,0,1
716,3,0,1
717,3,0,1
718,7,1,1
719,0,1,1
720,1,1,1
721,0,1,1
722,0,1,1
723,6,0,1
724,1,1,1
725,2,1,1
726,3,0,1
727,6,0,1
728,2,1,1
729,1,1,1
730,10,1,1
731,13,0,1
732,16,1,1
733,10,1,1
734,13,0,1
735,6,0,1
736,15,0,1
737,6,0,1
738,6,0,1
739,13,0,1
740,1,1,1
741,1,1,1
742,3,0,1
743,0,1,1
744,3,0,1
745,0,1,1
746,12,1,1
747,13,0,1
748,2,1,1
749,8,1,1
750,0,1,1
751,0,1,1
752,3,0,1
753,16,1,1
754,8,1,1
755,10,1,1
756,2,1,1
757,2,1,1
758,8,1,1
759,0,1,1
760,2,1,1
761,2,1,1
762,13,0,1
763,6,0,1
764,7,1,1
765,1,1,1
766,10,1,1
767,2,1,1
768,2,1,1
769,2,1,1
770,6,0,1
771,2,1,1
772,3,0,1
773,6,0,1
774,13,0,1
775,10,1,1
776,3,0,1
777,2,1,1
778,6,0,1
779,11,0,1
780,6,0,1
781,0,1,1
782,0,1,1
783,3,0,1
784,1,1,1
785,16,1,1
786,6,0,1
787,11,0,1
788,0,1,1
789,6,0,1
790,0,1,1
791,6,0,1
792,8,1,1
793,7,1,1
794,3,0,1
795,1,1,1
796,7,1,1
797,7,1,1
798,6,0,1
799,14,1,1
800,3,0,1
801,1,1,1
