vote,public_key_id,honest,valid
0,1,1,1
1,4,1,1
2,9,0,1
3,6,0,1
4,3,1,1
5,12,1,1
6,9,0,1
7,9,0,1
8,0,1,1
9,12,1,1
10,0,1,1
11,15,1,1
12,0,1,1
13,6,0,1
14,9,0,1
15,2,1,1
16,0,1,1
17,3,1,1
18,9,0,1
19,9,0,1
20,6,0,1
21,1,1,1
22,6,0,1
23,1,1,1
24,9,0,1
25,17,1,1
26,2,1,1
27,2,1,1
28,9,0,1
29,2,1,1
30,7,1,1
31,10,1,1
32,8,1,1
33,0,1,1
34,3,1,1
35,6,0,1
36,9,0,1
37,3,1,1
38,9,0,1
39,19,1,1
40,0,1,1
41,1,1,1
42,0,1,1
43,3,1,1
44,2,1,1
45,0,1,1
46,9,0,1
47,4,1,1
48,10,1,1
49,3,1,1
50,6,0,1
51,13,1,1
52,16,1,1
53,3,1,1
54,6,0,1
55,16,1,1
56,9,0,1
57,2,1,1
58,12,1,1
59,11,0,1
60,6,0,1
61,6,0,1
62,1,1,1
63,0,1,1
64,2,1,1
65,8,1,1
66,0,1,1
67,9,0,1
68,5,0,1
69,18,0,1
70,16,1,1
71,2,1,1
72,0,1,1
73,4,1,1
74,12,1,1
75,16,1,1
76,6,0,1
77,8,1,1
78,9,0,1
79,6,0,1
80,16,1,1
81,7,1,1
82,1,1,1
83,1,1,1
84,7,1,1
85,0,1,1
86,3,1,1
87,1,1,1
88,0,1,1
89,6,0,1
90,9,0,1
91,0,1,1
92,4,1,1
93,6,0,1
94,2,1,1
95,6,0,1
96,6,0,1
97,7,1,1
98,6,0,1
99,5,0,1
100,14,1,1
101,18,0,1
102,6,0,1
103,1,1,1
104,13,1,1
105,9,0,1
106,9,0,1
107,4,1,1
108,1,1,1
109,6,0,1
110,4,1,1
111,1,1,1
112,4,1,1
113,18,0,1
114,0,1,1
115,3,1,1
116,4,1,1
117,6,0,1
118,18,0,1
119,9,0,1
120,1,1,1
121,0,1,1
122,7,1,1
123,0,1,1
124,0,1,1
125,6,0,1
126,3,1,1
127,0,1,1
128,3,1,1
129,11,0,1
130,7,1,1
131,4,1,1
132,9,0,1
133,4,1,1
134,6,0,1
135,6,0,1
136,12,1,1
137,4,1,1
138,9,0,1
139,13,1,1
140,9,0,1
141,16,1,1
142,14,1,1
143,3,1,1
144,2,1,1
145,7,1,1
146,1,1,1
147,6,0,1
148,0,1,1
149,8,1,1
150,8,1,1
151,6,0,1
152,9,0,1
153,8,1,1
154,1,1,1
155,4,1,1
156,9,0,1
157,4,1,1
158,1,1,1
159,1,1,1
160,13,1,1
161,2,1,1
162,7,1,1
163,9,0,1
164,12,1,1
165,6,0,1
166,9,0,1
167,0,1,1
168,8,1,1
169,1,1,1
170,9,0,1
171,9,0,1
172,16,1,1
173,14,1,1
174,16,1,1
175,9,0,1
176,9,0,1
177,0,1,1
178,3,1,1
179,3,1,1
180,1,1,1
181,0,1,1
182,0,1,1
183,6,0,1
184,8,1,1
185,16,1,1
186,8,1,1
187,4,1,1
188,0,1,1
189,2,1,1
190,9,0,1
191,6,0,1
192,6,0,1
193,0,1,1
194,9,0,1
195,4,1,1
196,0,1,1
197,4,1,1
198,8,1,1
199,3,1,1
200,7,1,1
201,8,1,1
202,0,1,1
203,4,1,1
204,7,1,1
205,16,1,1
206,4,1,1
207,14,1,1
208,2,1,1
209,9,0,1
210,3,1,1
211,6,0,1
212,7,1,1
213,1,1,1
214,2,1,1
215,10,1,1
216,6,0,1
217,13,1,1
218,2,1,1
219,16,1,1
220,6,0,1
221,2,1,1
222,13,1,1
223,6,0,1
224,0,1,1
225,4,1,1
226,11,0,1
227,0,1,1
228,0,1,1
229,12,1,1
230,3,1,1
231,6,0,1
232,4,1,1
233,0,1,1
234,10,1,1
235,0,1,1
236,9,0,1
237,6,0,1
238,0,1,1
239,3,1,1
240,9,0,1
241,0,1,1
242,9,0,1
243,16,1,1
244,9,0,1
245,8,1,1
246,6,0,1
247,9,0,1
248,6,0,1
249,7,1,1
250,9,0,1
251,12,1,1
252,16,1,1
253,0,1,1
254,1,1,1
255,0,1,1
256,3,1,1
257,1,1,1
258,8,1,1
259,3,1,1
260,13,1,1
261,1,1,1
262,0,1,1
263,6,0,1
264,6,0,1
265,9,0,1
266,9,0,1
267,19,1,1
268,0,1,1
269,0,1,1
270,9,0,1
271,16,1,1
272,9,0,1
273,4,1,1
274,6,0,1
275,16,1,1
276,3,1,1
277,6,0,1
278,13,1,1
279,0,1,1
280,2,1,1
281,6,0,1
282,2,1,1
283,10,1,1
284,2,1,1
285,0,1,1
286,3,1,1
287,13,1,1
288,19,1,1
289,0,1,1
290,13,1,1
291,10,1,1
292,0,1,1
293,3,1,1
294,3,1,1
295,3,1,1
296,1,1,1
297,8,1,1
298,3,1,1
299,8,1,1
300,0,1,1
301,9,0,1
302,17,1,1
303,8,1,1
304,6,0,1
305,6,0,1
306,9,0,1
307,3,1,1
308,2,1,1
309,9,0,1
310,9,0,1
311,8,1,1
312,4,1,1
313,16,1,1
314,6,0,1
315,3,1,1
316,4,1,1
317,4,1,1
318,4,1,1
319,9,0,1
320,5,0,1
321,9,0,1
322,3,1,1
323,2,1,1
324,1,1,1
325,6,0,1
326,10,1,1
327,16,1,1
328,6,0,1
329,9,0,1
330,6,0,1
331,7,1,1
332,14,1,1
333,0,1,1
334,4,1,1
335,2,1,1
336,3,1,1
337,9,0,1
338,13,1,1
339,2,1,1
340,7,1,1
341,8,1,1
342,7,1,1
343,10,1,1
344,8,1,1
345,6,0,1
346,8,1,1
347,9,0,1
348,9,0,1
349,4,1,1
350,8,1,1
351,16,1,1
352,9,0,1
353,8,1,1
354,0,1,1
355,6,0,1
356,0,1,1
357,6,0,1
358,0,1,1
359,2,1,1
360,3,1,1
361,7,1,1
362,0,1,1
363,6,0,1
364,9,0,1
365,4,1,1
366,6,0,1
367,7,1,1
368,8,1,1
369,1,1,1
370,3,1,1
371,2,1,1
372,3,1,1
373,3,1,1
374,8,1,1
375,3,1,1
376,4,1,1
377,10,1,1
378,7,1,1
379,1,1,1
380,9,0,1
381,16,1,1
382,1,1,1
383,0,1,1
384,4,1,1
385,14,1,1
386,9,0,1
387,6,0,1
388,2,1,1
389,6,0,1
390,3,1,1
391,9,0,1
392,6,0,1
393,10,1,1
394,9,0,1
395,0,1,1
396,9,0,1
397,3,1,1
398,9,0,1
399,9,0,1
400,10,1,1
401,2,1,1
402,6,0,1
403,0,1,1
404,10,1,1
405,4,1,1
406,6,0,1
407,5,0,1
408,0,1,1
409,8,1,1
410,8,1,1
411,7,1,1
412,2,1,1
413,3,1,1
414,9,0,1
415,6,0,1
416,3,1,1
417,1,1,1
418,8,1,1
419,3,1,1
420,8,1,1
421,9,0,1
422,6,0,1
423,6,0,1
424,0,1,1
425,0,1,1
426,10,1,1
427,4,1,1
428,13,1,1
429,4,1,1
430,6,0,1
431,1,1,1
432,7,1,1
433,16,1,1
434,0,1,1
435,6,0,1
436,5,0,1
437,0,1,1
438,4,1,1
439,3,1,1
440,3,1,1
441,0,1,1
442,0,1,1
443,13,1,1
444,9,0,1
445,9,0,1
446,6,0,1
447,7,1,1
448,8,1,1
449,0,1,1
450,6,0,1
451,7,1,1
452,19,1,1
453,4,1,1
454,2,1,1
455,15,1,1
456,1,1,1
457,9,0,1
458,9,0,1
459,1,1,1
460,4,1,1
461,8,1,1
462,19,1,1
463,8,1,1
464,3,1,1
465,9,0,1
466,14,1,1
467,3,1,1
468,13,1,1
469,0,1,1
470,7,1,1
471,8,1,1
472,5,0,1
473,1,1,1
474,7,1,1
475,4,1,1
476,6,0,1
477,14,1,1
478,18,0,1
479,10,1,1
480,6,0,1
481,3,1,1
482,0,1,1
483,2,1,1
484,18,0,1
485,3,1,1
486,0,1,1
487,16,1,1
488,7,1,1
489,3,1,1
490,8,1,1
491,0,1,1
492,9,0,1
493,14,1,1
494,3,1,1
495,9,0,1
496,2,1,1
497,0,1,1
498,13,1,1
499,0,1,1
500,0,1,1
501,16,1,1
502,10,1,1
503,0,1,1
504,1,1,1
505,4,1,1
506,4,1,1
507,0,1,1
508,7,1,1
509,4,1,1
510,7,1,1
511,7,1,1
512,0,1,1
513,7,1,1
514,6,0,1
515,14,1,1
516,11,0,1
517,4,1,1
518,12,1,1
519,2,1,1
520,8,1,1
521,2,1,1
522,5,0,1
523,6,0,1
524,0,1,1
525,13,1,1
526,6,0,1
527,10,1,1
528,3,1,1
529,0,1,1
530,10,1,1
531,9,0,1
532,3,1,1
533,6,0,1
534,6,0,1
535,7,1,1
536,1,1,1
537,2,1,1
538,10,1,1
539,0,1,1
540,3,1,1
541,8,1,1
542,14,1,1
543,2,1,1
544,2,1,1
545,6,0,1
546,6,0,1
547,13,1,1
548,10,1,1
549,2,1,1
550,2,1,1
551,17,1,1
552,3,1,1
553,9,0,1
554,6,0,1
555,3,1,1
556,7,1,1
557,2,1,1
558,15,1,1
559,2,1,1
560,0,1,1
561,6,0,1
562,4,1,1
563,6,0,1
564,9,0,1
565,9,0,1
566,0,1,1
567,19,1,1
568,0,1,1
569,0,1,1
570,13,1,1
571,6,0,1
572,6,0,1
573,12,1,1
574,9,0,1
575,8,1,1
576,10,1,1
577,4,1,1
578,6,0,1
579,7,1,1
580,9,0,1
581,2,1,1
582,0,1,1
583,8,1,1
584,6,0,1
585,6,0,1
586,6,0,1
587,7,1,1
588,3,1,1
589,2,1,1
590,8,1,1
591,6,0,1
592,6,0,1
593,13,1,1
594,0,1,1
595,12,1,1
596,3,1,1
597,9,0,1
598,4,1,1
599,16,1,1
600,9,0,1
601,0,1,1
602,16,1,1
603,6,0,1
604,7,1,1
605,9,0,1
606,19,1,1
607,9,0,1
608,2,1,1
609,8,1,1
610,1,1,1
611,3,1,1
612,1,1,1
613,10,1,1
614,4,1,1
615,1,1,1
616,6,0,1
617,2,1,1
618,14,1,1
619,4,1,1
620,0,1,1
621,16,1,1
622,6,0,1
623,9,0,1
624,4,1,1
625,0,1,1
626,7,1,1
627,1,1,1
628,4,1,1
629,10,1,1
630,11,0,1
631,2,1,1
632,13,1,1
633,6,0,1
634,6,0,1
635,16,1,1
636,8,1,1
637,6,0,1
638,10,1,1
639,0,1,1
640,9,0,1
641,3,1,1
642,6,0,1
643,1,1,1
644,9,0,1
645,0,1,1
646,9,0,1
647,0,1,1
648,7,1,1
649,4,1,1
650,8,1,1
651,0,1,1
652,3,1,1
653,15,1,1
654,2,1,1
655,0,1,1
656,3,1,1
657,3,1,1
658,0,1,1
659,7,1,1
660,1,1,1
661,6,0,1
662,1,1,1
663,6,0,1
664,0,1,1
665,1,1,1
666,16,1,1
667,10,1,1
668,0,1,1
669,15,1,1
670,9,0,1
671,6,0,1
672,9,0,1
673,1,1,1
674,13,1,1
675,6,0,1
676,4,1,1
677,0,1,1
678,6,0,1
679,9,0,1
680,0,1,1
681,9,0,1
682,4,1,1
683,2,1,1
684,1,1,1
685,12,1,1
686,12,1,1
687,0,1,1
688,2,1,1
689,10,1,1
690,9,0,1
691,6,0,1
692,2,1,1
693,6,0,1
694,0,1,1
695,11,0,1
696,4,1,1
697,4,1,1
698,13,1,1
699,0,1,1
700,2,1,1
701,7,1,1
702,13,1,1
703,3,1,1
704,6,0,1
705,9,0,1
706,3,1,1
707,7,1,1
708,14,1,1
709,4,1,1
710,1,1,1
711,7,1,1
712,4,1,1
713,13,1,1
714,6,0,1
715,9,0,1
716,0,1,1
717,16,1,1
718,1,1,1
719,0,1,1
720,3,1,1
721,7,1,1
722,6,0,1
723,17,1,1
724,16,1,1
725,9,0,1
726,2,1,1
727,3,1,1
728,6,0,1
729,8,1,1
730,1,1,1
731,12,1,1
732,2,1,1
733,7,1,1
734,9,0,1
735,13,1,1
736,6,0,1
737,6,0,1
738,0,1,1
739,8,1,1
740,1,1,1
741,2,1,1
742,6,0,1
743,4,1,1
744,8,1,1
745,6,0,1
746,10,1,1
747,5,0,1
748,3,1,1
749,6,0,1
750,11,0,1
751,8,1,1
752,8,1,1
753,7,1,1
754,6,0,1
755,8,1,1
756,9,0,1
757,9,0,1
758,16,1,1
759,0,1,1
760,3,1,1
761,8,1,1
762,4,1,1
763,9,0,1
764,5,0,1
765,6,0,1
766,4,1,1
767,16,1,1
768,10,1,1
769,13,1,1
770,1,1,1
771,2,1,1
772,12,1,1
773,9,0,1
774,4,1,1
775,4,1,1
776,0,1,1
777,14,1,1
778,13,1,1
779,0,1,1
780,3,1,1
781,0,1,1
782,0,1,1
783,2,1,1
784,9,0,1
785,8,1,1
786,0,1,1
787,8,1,1
788,9,0,1
789,13,1,1
790,2,1,1
791,2,1,1
792,1,1,1
793,0,1,1
794,7,1,1
795,2,1,1
796,9,0,1
797,7,1,1
798,9,0,1
799,0,1,1
800,6,0,1
801,10,1,1
802,6,0,1
803,8,1,1
804,4,1,1
805,9,0,1
806,6,0,1
807,2,1,1
808,4,1,1
809,9,0,1
810,9,0,1
811,14,1,1
812,6,0,1
813,3,1,1
814,17,1,1
815,0,1,1
816,4,1,1
817,1,1,1
818,12,1,1
819,14,1,1
820,3,1,1
821,6,0,1
822,4,1,1
823,4,1,1
824,10,1,1
825,4,1,1
826,9,0,1
827,7,1,1
828,6,0,1
829,4,1,1
830,14,1,1
831,2,1,1
832,0,1,1
833,2,1,1
834,6,0,1
835,6,0,1
836,2,1,1
837,6,0,1
838,0,1,1
839,9,0,1
840,3,1,1
841,0,1,1
842,6,0,1
843,9,0,1
844,17,1,1
845,0,1,1
846,2,1,1
847,0,1,1
848,3,1,1
849,4,1,1
850,8,1,1
851,6,0,1
852,9,0,1
853,15,1,1
854,19,1,1
855,0,1,1
856,18,0,1
857,8,1,1
858,6,0,1
859,8,1,1
860,2,1,1
861,10,1,1
862,4,1,1
863,0,1,1
864,6,0,1
865,2,1,1
866,7,1,1
867,4,1,1
868,16,1,1
869,17,1,1
870,9,0,1
871,6,0,1
872,0,1,1
873,15,1,1
874,13,1,1
875,8,1,1
876,2,1,1
877,1,1,1
878,0,1,1
879,0,1,1
880,9,0,1
881,9,0,1
882,3,1,1
883,8,1,1
884,12,1,1
885,18,0,1
886,1,1,1
887,9,0,1
888,9,0,1
889,6,0,1
890,1,1,1
891,6,0,1
892,6,0,1
893,13,1,1
894,6,0,1
895,2,1,1
896,4,1,1
897,1,1,1
898,8,1,1
899,0,1,1
900,16,1,1
901,8,1,1
902,1,1,1
903,6,0,1
904,11,0,1
905,1,1,1
906,11,0,1
907,6,0,1
908,3,1,1
909,9,0,1
910,3,1,1
911,0,1,1
912,16,1,1
913,2,1,1
914,0,1,1
915,9,0,1
916,2,1,1
917,4,1,1
918,9,0,1
919,6,0,1
920,2,1,1
921,13,1,1
922,7,1,1
923,7,1,1
924,17,1,1
925,10,1,1
926,7,1,1
927,13,1,1
928,0,1,1
929,2,1,1
930,6,0,1
931,3,1,1
932,7,1,1
933,2,1,1
934,16,1,1
935,6,0,1
936,2,1,1
937,6,0,1
938,4,1,1
939,4,1,1
940,9,0,1
941,2,1,1
942,9,0,1
943,0,1,1
944,4,1,1
945,1,1,1
946,3,1,1
947,17,1,1
948,7,1,1
949,9,0,1
950,2,1,1
951,2,1,1
952,0,1,1
953,1,1,1
954,0,1,1
955,9,0,1
956,3,1,1
957,3,1,1
958,10,1,1
959,8,1,1
960,6,0,1
961,18,0,1
962,10,1,1
963,0,1,1
964,2,1,1
965,9,0,1
966,12,1,1
967,1,1,1
968,0,1,1
969,1,1,1
970,0,1,1
971,3,1,1
972,13,1,1
973,2,1,1
974,3,1,1
975,7,1,1
976,6,0,1
977,13,1,1
978,14,1,1
979,8,1,1
980,6,0,1
981,15,1,1
982,6,0,1
983,9,0,1
984,13,1,1
985,6,0,1
986,0,1,1
987,4,1,1
988,0,1,1
989,1,1,1
990,8,1,1
991,0,1,1
992,10,1,1
993,1,1,1
994,6,0,1
995,2,1,1
996,2,1,1
997,15,1,1
998,10,1,1
999,3,1,1
