vote,public_key_id,honest,valid
0,21,1,1
1,16,1,1
2,1,0,1
3,7,0,1
4,23,0,1
5,32,0,1
6,39,0,1
7,21,1,1
8,39,0,1
9,7,0,1
10,4,1,1
11,32,0,1
12,8,1,1
13,27,0,1
14,37,1,1
15,20,0,1
16,21,1,1
17,7,0,1
18,48,1,1
19,55,1,1
20,18,1,1
21,1,0,1
22,8,1,1
23,33,1,1
24,10,0,1
25,6,0,1
26,12,1,1
27,10,0,1
28,21,1,1
29,18,1,1
30,17,1,1
31,7,0,1
32,1,0,1
33,17,1,1
34,0,1,1
35,0,1,1
36,5,0,1
37,10,0,1
38,9,1,1
39,20,0,1
40,37,1,1
41,4,1,1
42,5,0,1
43,5,0,1
44,28,1,1
45,43,1,1
46,48,1,1
47,23,0,1
48,21,1,1
49,39,0,1
50,8,1,1
51,21,1,1
52,4,1,1
53,20,0,1
54,16,1,1
55,6,0,1
56,32,0,1
57,9,1,1
58,29,1,1
59,7,0,1
60,55,1,1
61,20,0,1
62,7,0,1
63,40,1,1
64,12,1,1
65,0,1,1
66,16,1,1
67,21,1,1
68,11,1,1
69,8,1,1
70,7,0,1
71,5,0,1
72,10,0,1
73,0,1,1
74,18,1,1
75,27,0,1
76,27,0,1
77,12,1,1
78,12,1,1
79,29,1,1
80,0,1,1
81,12,1,1
82,7,0,1
83,37,1,1
84,12,1,1
85,6,0,1
86,23,0,1
87,48,1,1
88,39,0,1
89,4,1,1
90,21,1,1
91,11,1,1
92,23,0,1
93,8,1,1
94,0,1,1
95,43,1,1
96,10,0,1
97,8,1,1
98,21,1,1
99,37,1,1
100,4,1,1
101,7,0,1
102,19,0,1
103,21,1,1
104,17,1,1
105,43,1,1
106,6,0,1
107,9,1,1
108,37,1,1
109,23,0,1
110,7,0,1
111,55,1,1
112,24,1,1
113,2,1,1
114,7,0,1
115,29,1,1
116,40,1,1
117,21,1,1
118,56,1,1
119,6,0,1
120,9,1,1
121,2,1,1
122,6,0,1
123,24,1,1
124,47,1,1
125,21,1,1
126,23,0,1
127,12,1,1
128,18,1,1
129,21,1,1
130,16,1,1
131,10,0,1
132,40,1,1
133,2,1,1
134,15,1,1
135,4,1,1
136,40,1,1
137,40,1,1
138,11,1,1
139,28,1,1
140,0,1,1
141,29,1,1
142,27,0,1
143,32,0,1
144,10,0,1
145,48,1,1
146,21,1,1
147,23,0,1
148,46,0,1
149,24,1,1
150,24,1,1
151,0,1,1
152,21,1,1
153,6,0,1
154,15,1,1
155,4,1,1
156,4,1,1
157,27,0,1
158,43,1,1
159,29,1,1
160,48,1,1
161,29,1,1
162,6,0,1
163,23,0,1
164,12,1,1
165,6,0,1
166,16,1,1
167,7,0,1
168,27,0,1
169,7,0,1
170,9,1,1
171,20,0,1
172,23,0,1
173,21,1,1
174,27,0,1
175,6,0,1
176,0,1,1
177,24,1,1
178,24,1,1
179,33,1,1
180,23,0,1
181,40,1,1
182,21,1,1
183,28,1,1
184,33,1,1
185,7,0,1
186,33,1,1
187,9,1,1
188,1,0,1
189,19,0,1
190,32,0,1
191,16,1,1
192,7,0,1
193,21,1,1
194,28,1,1
195,60,1,1
196,33,1,1
197,32,0,1
198,23,0,1
199,21,1,1
200,8,1,1
201,41,0,1
202,41,0,1
203,21,1,1
204,9,1,1
205,40,1,1
206,0,1,1
207,17,1,1
208,32,0,1
209,5,0,1
210,33,1,1
211,40,1,1
212,28,1,1
213,37,1,1
214,15,1,1
215,48,1,1
216,6,0,1
217,8,1,1
218,32,0,1
219,2,1,1
220,7,0,1
221,32,0,1
222,11,1,1
223,15,1,1
224,7,0,1
225,29,1,1
226,24,1,1
227,43,1,1
228,21,1,1
229,49,1,1
230,18,1,1
231,7,0,1
232,1,0,1
233,9,1,1
234,21,1,1
235,21,1,1
236,21,1,1
237,18,1,1
238,21,1,1
239,33,1,1
240,10,0,1
241,36,1,1
242,17,1,1
243,10,0,1
244,28,1,1
245,43,1,1
246,43,1,1
247,21,1,1
248,27,0,1
249,1,0,1
250,21,1,1
251,16,1,1
252,7,0,1
253,24,1,1
254,28,1,1
255,16,1,1
256,7,0,1
257,18,1,1
258,48,1,1
259,21,1,1
260,10,0,1
261,12,1,1
262,0,1,1
263,0,1,1
264,29,1,1
265,4,1,1
266,1,0,1
267,9,1,1
268,43,1,1
269,39,0,1
270,15,1,1
271,6,0,1
272,53,0,1
273,20,0,1
274,15,1,1
275,28,1,1
276,32,0,1
277,11,1,1
278,21,1,1
279,1,0,1
280,1,0,1
281,54,1,1
282,28,1,1
283,10,0,1
284,6,0,1
285,32,0,1
286,8,1,1
287,10,0,1
288,9,1,1
289,7,0,1
290,4,1,1
291,57,1,1
292,48,1,1
293,10,0,1
294,27,0,1
295,5,0,1
296,29,1,1
297,1,0,1
298,2,1,1
299,24,1,1
300,21,1,1
301,21,1,1
302,27,0,1
303,54,1,1
304,11,1,1
305,37,1,1
306,47,1,1
307,7,0,1
308,29,1,1
309,37,1,1
310,1,0,1
311,27,0,1
312,28,1,1
313,20,0,1
314,48,1,1
315,4,1,1
316,1,0,1
317,18,1,1
318,0,1,1
319,37,1,1
320,21,1,1
321,37,1,1
322,41,0,1
323,2,1,1
324,10,0,1
325,37,1,1
326,5,0,1
327,37,1,1
328,0,1,1
329,27,0,1
330,4,1,1
331,7,0,1
332,7,0,1
333,4,1,1
334,23,0,1
335,1,0,1
336,15,1,1
337,32,0,1
338,28,1,1
339,28,1,1
340,7,0,1
341,33,1,1
342,17,1,1
343,28,1,1
344,7,0,1
345,9,1,1
346,37,1,1
347,1,0,1
348,43,1,1
349,6,0,1
350,2,1,1
351,0,1,1
352,16,1,1
353,39,0,1
354,7,0,1
355,18,1,1
356,9,1,1
357,7,0,1
358,18,1,1
359,63,0,1
360,28,1,1
361,8,1,1
362,11,1,1
363,0,1,1
364,5,0,1
365,6,0,1
366,33,1,1
367,32,0,1
368,4,1,1
369,48,1,1
370,23,0,1
371,11,1,1
372,1,0,1
373,37,1,1
374,2,1,1
375,49,1,1
376,5,0,1
377,6,0,1
378,10,0,1
379,10,0,1
380,32,0,1
381,20,0,1
382,58,0,1
383,8,1,1
384,37,1,1
385,40,1,1
386,7,0,1
387,9,1,1
388,2,1,1
389,29,1,1
390,12,1,1
391,5,0,1
392,23,0,1
393,32,0,1
394,24,1,1
395,5,0,1
396,27,0,1
397,0,1,1
398,10,0,1
399,5,0,1
400,16,1,1
401,37,1,1
402,23,0,1
403,5,0,1
404,18,1,1
405,18,1,1
406,10,0,1
407,18,1,1
408,11,1,1
409,43,1,1
410,32,0,1
411,21,1,1
412,27,0,1
413,48,1,1
414,16,1,1
415,32,0,1
416,12,1,1
417,39,0,1
418,32,0,1
419,21,1,1
420,0,1,1
421,10,0,1
422,8,1,1
423,5,0,1
424,1,0,1
425,2,1,1
426,10,0,1
427,54,1,1
428,17,1,1
429,11,1,1
430,0,1,1
431,2,1,1
432,37,1,1
433,39,0,1
434,28,1,1
435,28,1,1
436,49,1,1
437,7,0,1
438,5,0,1
439,7,0,1
440,28,1,1
441,1,0,1
442,1,0,1
443,48,1,1
444,7,0,1
445,21,1,1
446,6,0,1
447,16,1,1
448,0,1,1
449,21,1,1
450,41,0,1
451,2,1,1
452,5,0,1
453,27,0,1
454,17,1,1
455,40,1,1
456,4,1,1
457,43,1,1
458,20,0,1
459,12,1,1
460,9,1,1
461,17,1,1
462,15,1,1
463,2,1,1
464,1,0,1
465,27,0,1
466,1,0,1
467,6,0,1
468,27,0,1
469,49,1,1
470,6,0,1
471,43,1,1
472,28,1,1
473,28,1,1
474,17,1,1
475,18,1,1
476,43,1,1
477,17,1,1
478,33,1,1
479,2,1,1
480,11,1,1
481,9,1,1
482,24,1,1
483,9,1,1
484,19,0,1
485,6,0,1
486,57,1,1
487,41,0,1
488,21,1,1
489,27,0,1
490,1,0,1
491,7,0,1
492,24,1,1
493,6,0,1
494,35,1,1
495,32,0,1
496,17,1,1
497,19,0,1
498,54,1,1
499,15,1,1
500,0,1,1
501,15,1,1
502,0,1,1
503,10,0,1
504,49,1,1
505,21,1,1
506,38,0,1
507,21,1,1
508,18,1,1
509,15,1,1
510,4,1,1
511,36,1,1
512,0,1,1
513,7,0,1
514,4,1,1
515,8,1,1
516,21,1,1
517,29,1,1
518,12,1,1
519,7,0,1
520,61,0,1
521,23,0,1
522,24,1,1
523,23,0,1
524,23,0,1
525,6,0,1
526,39,0,1
527,4,1,1
528,12,1,1
529,6,0,1
530,19,0,1
531,16,1,1
532,16,1,1
533,20,0,1
534,11,1,1
535,43,1,1
536,21,1,1
537,16,1,1
538,15,1,1
539,0,1,1
540,10,0,1
541,23,0,1
542,17,1,1
543,6,0,1
544,5,0,1
545,12,1,1
546,40,1,1
547,15,1,1
548,38,0,1
549,17,1,1
550,43,1,1
551,10,0,1
552,15,1,1
553,10,0,1
554,49,1,1
555,21,1,1
556,29,1,1
557,47,1,1
558,4,1,1
559,10,0,1
560,32,0,1
561,41,0,1
562,2,1,1
563,16,1,1
564,32,0,1
565,19,0,1
566,24,1,1
567,12,1,1
568,43,1,1
569,0,1,1
570,29,1,1
571,49,1,1
572,33,1,1
573,2,1,1
574,49,1,1
575,10,0,1
576,24,1,1
577,29,1,1
578,0,1,1
579,10,0,1
580,8,1,1
581,6,0,1
582,32,0,1
583,7,0,1
584,5,0,1
585,23,0,1
586,21,1,1
587,12,1,1
588,18,1,1
589,21,1,1
590,16,1,1
591,1,0,1
592,12,1,1
593,9,1,1
594,18,1,1
595,0,1,1
596,37,1,1
597,7,0,1
598,29,1,1
599,43,1,1
600,23,0,1
601,7,0,1
602,0,1,1
603,28,1,1
604,21,1,1
605,17,1,1
606,8,1,1
607,20,0,1
608,4,1,1
609,33,1,1
610,9,1,1
611,23,0,1
612,8,1,1
613,47,1,1
614,4,1,1
615,2,1,1
616,43,1,1
617,23,0,1
618,0,1,1
619,24,1,1
620,10,0,1
621,17,1,1
622,10,0,1
623,12,1,1
624,2,1,1
625,1,0,1
626,60,1,1
627,17,1,1
628,17,1,1
629,6,0,1
630,55,1,1
631,40,1,1
632,20,0,1
633,0,1,1
634,8,1,1
635,0,1,1
636,16,1,1
637,16,1,1
638,47,1,1
639,48,1,1
640,20,0,1
641,23,0,1
642,28,1,1
643,43,1,1
644,19,0,1
645,7,0,1
646,1,0,1
647,33,1,1
648,27,0,1
649,5,0,1
650,37,1,1
651,8,1,1
652,43,1,1
653,12,1,1
654,21,1,1
655,18,1,1
656,1,0,1
657,20,0,1
658,8,1,1
659,6,0,1
660,10,0,1
661,4,1,1
662,27,0,1
663,15,1,1
664,10,0,1
665,23,0,1
666,7,0,1
667,0,1,1
668,10,0,1
669,33,1,1
670,8,1,1
671,0,1,1
672,4,1,1
673,8,1,1
674,27,0,1
675,29,1,1
676,39,0,1
677,5,0,1
678,37,1,1
679,0,1,1
680,0,1,1
681,20,0,1
682,4,1,1
683,1,0,1
684,20,0,1
685,11,1,1
686,28,1,1
687,10,0,1
688,23,0,1
689,0,1,1
690,20,0,1
691,0,1,1
692,17,1,1
693,33,1,1
694,2,1,1
695,23,0,1
696,15,1,1
697,19,0,1
698,37,1,1
699,7,0,1
700,37,1,1
701,24,1,1
702,23,0,1
703,21,1,1
704,4,1,1
705,15,1,1
706,20,0,1
707,24,1,1
708,21,1,1
709,40,1,1
710,23,0,1
711,18,1,1
712,27,0,1
713,40,1,1
714,28,1,1
715,0,1,1
716,2,1,1
717,21,1,1
718,64,0,1
719,21,1,1
720,27,0,1
721,23,0,1
722,7,0,1
723,11,1,1
724,21,1,1
725,16,1,1
726,4,1,1
727,15,1,1
728,2,1,1
729,10,0,1
730,1,0,1
731,10,0,1
732,11,1,1
733,5,0,1
734,10,0,1
735,21,1,1
736,48,1,1
737,24,1,1
738,32,0,1
739,5,0,1
740,0,1,1
741,27,0,1
742,11,1,1
743,9,1,1
744,11,1,1
745,12,1,1
746,11,1,1
747,6,0,1
748,12,1,1
749,9,1,1
750,29,1,1
751,5,0,1
752,33,1,1
753,43,1,1
754,58,0,1
755,16,1,1
756,33,1,1
757,2,1,1
758,0,1,1
759,2,1,1
760,32,0,1
761,29,1,1
762,7,0,1
763,23,0,1
764,39,0,1
765,43,1,1
766,8,1,1
767,33,1,1
768,10,0,1
769,18,1,1
770,18,1,1
771,1,0,1
772,11,1,1
773,4,1,1
774,7,0,1
775,23,0,1
776,15,1,1
777,52,1,1
778,2,1,1
779,33,1,1
780,33,1,1
781,49,1,1
782,17,1,1
783,11,1,1
784,17,1,1
785,10,0,1
786,38,0,1
787,28,1,1
788,38,0,1
789,12,1,1
790,18,1,1
791,23,0,1
792,32,0,1
793,29,1,1
794,23,0,1
795,38,0,1
796,23,0,1
