vote,public_key_id,honest,valid
0,47,1,1
1,41,1,1
2,12,1,1
3,29,1,1
4,23,0,1
5,0,1,1
6,22,1,1
7,2,0,1
8,43,1,1
9,6,0,1
10,23,0,1
11,0,1,1
12,16,1,1
13,44,1,1
14,20,0,1
15,20,0,1
16,12,1,1
17,2,0,1
18,25,0,1
19,45,0,1
20,24,1,1
21,61,1,1
22,29,1,1
23,3,1,1
24,27,1,1
25,5,1,1
26,54,0,1
27,8,1,1
28,27,1,1
29,58,1,1
30,4,1,1
31,23,0,1
32,43,1,1
33,8,1,1
34,21,0,1
35,32,1,1
36,40,1,1
37,40,1,1
38,20,0,1
39,20,0,1
40,39,1,1
41,6,0,1
42,4,1,1
43,15,1,1
44,27,1,1
45,2,0,1
46,2,0,1
47,6,0,1
48,20,0,1
49,4,1,1
50,22,1,1
51,8,1,1
52,29,1,1
53,21,0,1
54,12,1,1
55,23,0,1
56,6,0,1
57,21,0,1
58,39,1,1
59,37,1,1
60,0,1,1
61,0,1,1
62,18,0,1
63,18,0,1
64,45,0,1
65,43,1,1
66,9,1,1
67,24,1,1
68,3,1,1
69,54,0,1
70,43,1,1
71,8,1,1
72,21,0,1
73,44,1,1
74,6,0,1
75,31,0,1
76,1,0,1
77,12,1,1
78,13,1,1
79,6,0,1
80,40,1,1
81,4,1,1
82,4,1,1
83,5,1,1
84,6,0,1
85,21,0,1
86,1,0,1
87,42,1,1
88,42,1,1
89,0,1,1
90,29,1,1
91,9,1,1
92,24,1,1
93,29,1,1
94,23,0,1
95,32,1,1
96,6,0,1
97,0,1,1
98,0,1,1
99,6,0,1
100,2,0,1
101,4,1,1
102,12,1,1
103,32,1,1
104,13,1,1
105,16,1,1
106,45,0,1
107,29,1,1
108,26,0,1
109,4,1,1
110,24,1,1
111,59,1,1
112,8,1,1
113,45,0,1
114,25,0,1
115,37,1,1
116,25,0,1
117,2,0,1
118,25,0,1
119,40,1,1
120,40,1,1
121,21,0,1
122,25,0,1
123,21,0,1
124,37,1,1
125,13,1,1
126,62,0,1
127,23,0,1
128,16,1,1
129,13,1,1
130,24,1,1
131,25,0,1
132,15,1,1
133,21,0,1
134,21,0,1
135,6,0,1
136,12,1,1
137,37,1,1
138,27,1,1
139,3,1,1
140,1,0,1
141,17,1,1
142,23,0,1
143,9,1,1
144,9,1,1
145,16,1,1
146,25,0,1
147,0,1,1
148,32,1,1
149,13,1,1
150,19,0,1
151,42,1,1
152,17,1,1
153,16,1,1
154,21,0,1
155,45,0,1
156,5,1,1
157,9,1,1
158,18,0,1
159,23,0,1
160,37,1,1
161,12,1,1
162,8,1,1
163,18,0,1
164,42,1,1
165,18,0,1
166,12,1,1
167,0,1,1
168,40,1,1
169,32,1,1
170,3,1,1
171,21,0,1
172,24,1,1
173,25,0,1
174,17,1,1
175,23,0,1
176,18,0,1
177,34,0,1
178,3,1,1
179,2,0,1
180,23,0,1
181,4,1,1
182,42,1,1
183,22,1,1
184,18,0,1
185,21,0,1
186,2,0,1
187,5,1,1
188,22,1,1
189,15,1,1
190,16,1,1
191,15,1,1
192,0,1,1
193,12,1,1
194,13,1,1
195,45,0,1
196,17,1,1
197,21,0,1
198,27,1,1
199,1,0,1
200,45,0,1
201,26,0,1
202,6,0,1
203,1,0,1
204,9,1,1
205,3,1,1
206,1,0,1
207,43,1,1
208,26,0,1
209,53,1,1
210,21,0,1
211,0,1,1
212,13,1,1
213,8,1,1
214,29,1,1
215,27,1,1
216,24,1,1
217,25,0,1
218,6,0,1
219,1,0,1
220,60,0,1
221,5,1,1
222,55,0,1
223,40,1,1
224,44,1,1
225,17,1,1
226,43,1,1
227,16,1,1
228,41,1,1
229,22,1,1
230,51,1,1
231,44,1,1
232,27,1,1
233,39,1,1
234,1,0,1
235,16,1,1
236,42,1,1
237,44,1,1
238,44,1,1
239,13,1,1
240,45,0,1
241,43,1,1
242,37,1,1
243,22,1,1
244,21,0,1
245,13,1,1
246,9,1,1
247,21,0,1
248,20,0,1
249,45,0,1
250,18,0,1
251,27,1,1
252,43,1,1
253,1,0,1
254,32,1,1
255,23,0,1
256,40,1,1
257,27,1,1
258,19,0,1
259,2,0,1
260,27,1,1
261,21,0,1
262,36,1,1
263,0,1,1
264,29,1,1
265,15,1,1
266,8,1,1
267,24,1,1
268,9,1,1
269,6,0,1
270,21,0,1
271,9,1,1
272,30,0,1
273,4,1,1
274,8,1,1
275,2,0,1
276,2,0,1
277,3,1,1
278,15,1,1
279,32,1,1
280,0,1,1
281,22,1,1
282,37,1,1
283,21,0,1
284,39,1,1
285,37,1,1
286,52,0,1
287,29,1,1
288,55,0,1
289,1,0,1
290,43,1,1
291,54,0,1
292,44,1,1
293,20,0,1
294,18,0,1
295,4,1,1
296,1,0,1
297,8,1,1
298,21,0,1
299,27,1,1
300,32,1,1
301,0,1,1
302,39,1,1
303,45,0,1
304,37,1,1
305,6,0,1
306,4,1,1
307,15,1,1
308,3,1,1
309,16,1,1
310,57,1,1
311,0,1,1
312,24,1,1
313,9,1,1
314,23,0,1
315,9,1,1
316,42,1,1
317,44,1,1
318,13,1,1
319,2,0,1
320,25,0,1
321,5,1,1
322,2,0,1
323,34,0,1
324,9,1,1
325,21,0,1
326,37,1,1
327,26,0,1
328,37,1,1
329,63,0,1
330,20,0,1
331,1,0,1
332,1,0,1
333,32,1,1
334,47,1,1
335,29,1,1
336,17,1,1
337,37,1,1
338,23,0,1
339,21,0,1
340,21,0,1
341,42,1,1
342,25,0,1
343,4,1,1
344,45,0,1
345,45,0,1
346,0,1,1
347,45,0,1
348,5,1,1
349,37,1,1
350,21,0,1
351,1,0,1
352,37,1,1
353,42,1,1
354,18,0,1
355,30,0,1
356,4,1,1
357,42,1,1
358,4,1,1
359,2,0,1
360,5,1,1
361,41,1,1
362,6,0,1
363,13,1,1
364,6,0,1
365,1,0,1
366,18,0,1
367,27,1,1
368,13,1,1
369,2,0,1
370,32,1,1
371,45,0,1
372,39,1,1
373,44,1,1
374,29,1,1
375,31,0,1
376,5,1,1
377,17,1,1
378,16,1,1
379,21,0,1
380,34,0,1
381,31,0,1
382,23,0,1
383,13,1,1
384,4,1,1
385,24,1,1
386,13,1,1
387,16,1,1
388,43,1,1
389,1,0,1
390,21,0,1
391,43,1,1
392,36,1,1
393,8,1,1
394,4,1,1
395,23,0,1
396,15,1,1
397,12,1,1
398,12,1,1
399,21,0,1
400,5,1,1
401,1,0,1
402,32,1,1
403,13,1,1
404,0,1,1
405,44,1,1
406,22,1,1
407,17,1,1
408,15,1,1
409,6,0,1
410,19,0,1
411,27,1,1
412,15,1,1
413,26,0,1
414,18,0,1
415,25,0,1
416,6,0,1
417,5,1,1
418,32,1,1
419,12,1,1
420,17,1,1
421,23,0,1
422,47,1,1
423,24,1,1
424,34,0,1
425,23,0,1
426,9,1,1
427,32,1,1
428,31,0,1
429,12,1,1
430,45,0,1
431,24,1,1
432,24,1,1
433,12,1,1
434,55,0,1
435,8,1,1
436,13,1,1
437,3,1,1
438,34,0,1
439,13,1,1
440,0,1,1
441,37,1,1
442,3,1,1
443,3,1,1
444,0,1,1
445,32,1,1
446,20,0,1
447,40,1,1
448,39,1,1
449,29,1,1
450,29,1,1
451,6,0,1
452,27,1,1
453,15,1,1
454,16,1,1
455,1,0,1
456,41,1,1
457,9,1,1
458,4,1,1
459,5,1,1
460,1,0,1
461,21,0,1
462,42,1,1
463,21,0,1
464,6,0,1
465,5,1,1
466,26,0,1
467,29,1,1
468,19,0,1
469,5,1,1
470,19,0,1
471,37,1,1
472,40,1,1
473,1,0,1
474,20,0,1
475,3,1,1
476,18,0,1
477,15,1,1
478,8,1,1
479,4,1,1
480,44,1,1
481,9,1,1
482,1,0,1
483,2,0,1
484,43,1,1
485,9,1,1
486,6,0,1
487,17,1,1
488,42,1,1
489,17,1,1
490,9,1,1
491,17,1,1
492,6,0,1
493,16,1,1
494,5,1,1
495,8,1,1
496,23,0,1
497,40,1,1
498,24,1,1
499,27,1,1
500,23,0,1
501,12,1,1
502,29,1,1
503,19,0,1
504,13,1,1
505,6,0,1
506,21,0,1
507,1,0,1
508,29,1,1
509,3,1,1
510,5,1,1
511,24,1,1
512,32,1,1
513,21,0,1
514,45,0,1
515,42,1,1
516,5,1,1
517,25,0,1
518,9,1,1
519,17,1,1
520,23,0,1
521,17,1,1
522,44,1,1
523,6,0,1
524,30,0,1
525,38,0,1
526,34,0,1
527,27,1,1
528,43,1,1
529,13,1,1
530,37,1,1
531,4,1,1
532,16,1,1
533,3,1,1
534,43,1,1
535,0,1,1
536,6,0,1
537,16,1,1
538,4,1,1
539,25,0,1
540,0,1,1
541,64,1,1
542,23,0,1
543,21,0,1
544,3,1,1
545,13,1,1
546,27,1,1
547,45,0,1
548,8,1,1
549,20,0,1
550,27,1,1
551,38,0,1
552,42,1,1
553,16,1,1
554,60,0,1
555,21,0,1
556,32,1,1
557,0,1,1
558,43,1,1
559,12,1,1
560,57,1,1
561,12,1,1
562,15,1,1
563,31,0,1
564,17,1,1
565,27,1,1
566,0,1,1
567,44,1,1
568,31,0,1
569,0,1,1
570,22,1,1
571,21,0,1
572,0,1,1
573,0,1,1
574,12,1,1
575,37,1,1
576,54,0,1
577,16,1,1
578,5,1,1
579,39,1,1
580,43,1,1
581,0,1,1
582,0,1,1
583,39,1,1
584,43,1,1
585,15,1,1
586,13,1,1
587,18,0,1
588,8,1,1
589,4,1,1
590,18,0,1
591,19,0,1
592,8,1,1
593,37,1,1
594,18,0,1
595,31,0,1
596,37,1,1
597,3,1,1
598,1,0,1
599,23,0,1
600,6,0,1
601,21,0,1
602,0,1,1
603,41,1,1
604,46,1,1
605,21,0,1
606,21,0,1
607,2,0,1
608,3,1,1
609,6,0,1
610,17,1,1
611,20,0,1
612,32,1,1
613,8,1,1
614,18,0,1
615,4,1,1
616,40,1,1
617,0,1,1
618,32,1,1
619,0,1,1
620,20,0,1
621,5,1,1
622,43,1,1
623,21,0,1
624,27,1,1
625,23,0,1
626,13,1,1
627,43,1,1
628,21,0,1
629,21,0,1
630,1,0,1
631,47,1,1
632,31,0,1
633,29,1,1
634,47,1,1
635,15,1,1
636,23,0,1
637,25,0,1
638,0,1,1
639,17,1,1
640,3,1,1
641,18,0,1
642,15,1,1
643,23,0,1
644,4,1,1
645,0,1,1
646,0,1,1
647,44,1,1
648,18,0,1
649,24,1,1
650,27,1,1
651,62,0,1
652,45,0,1
653,34,0,1
654,17,1,1
655,37,1,1
656,8,1,1
657,2,0,1
658,16,1,1
659,23,0,1
660,37,1,1
661,41,1,1
662,2,0,1
663,43,1,1
664,0,1,1
665,20,0,1
666,20,0,1
667,20,0,1
668,21,0,1
669,22,1,1
670,42,1,1
671,21,0,1
672,21,0,1
673,3,1,1
674,23,0,1
675,4,1,1
676,2,0,1
677,31,0,1
678,1,0,1
679,8,1,1
680,39,1,1
681,45,0,1
682,42,1,1
683,44,1,1
684,27,1,1
685,12,1,1
686,15,1,1
687,18,0,1
688,13,1,1
689,16,1,1
690,44,1,1
691,23,0,1
692,4,1,1
693,20,0,1
694,24,1,1
695,0,1,1
696,12,1,1
697,0,1,1
698,17,1,1
699,20,0,1
700,19,0,1
701,8,1,1
702,1,0,1
703,13,1,1
704,31,0,1
705,13,1,1
706,9,1,1
707,43,1,1
708,44,1,1
709,32,1,1
710,0,1,1
711,32,1,1
712,15,1,1
713,27,1,1
714,3,1,1
715,42,1,1
716,44,1,1
717,38,0,1
718,2,0,1
719,31,0,1
720,40,1,1
721,21,0,1
722,13,1,1
723,32,1,1
724,23,0,1
725,6,0,1
726,23,0,1
727,32,1,1
728,16,1,1
729,12,1,1
730,21,0,1
731,5,1,1
732,25,0,1
733,12,1,1
734,21,0,1
735,12,1,1
736,29,1,1
737,24,1,1
738,42,1,1
739,9,1,1
740,21,0,1
741,58,1,1
742,16,1,1
743,29,1,1
744,55,0,1
745,2,0,1
746,21,0,1
747,25,0,1
748,15,1,1
749,27,1,1
750,38,0,1
751,5,1,1
752,4,1,1
753,13,1,1
754,3,1,1
755,1,0,1
756,38,0,1
757,21,0,1
758,17,1,1
759,43,1,1
760,22,1,1
761,21,0,1
762,40,1,1
763,21,0,1
764,32,1,1
765,25,0,1
766,5,1,1
767,17,1,1
768,8,1,1
769,32,1,1
770,0,1,1
771,13,1,1
772,18,0,1
773,21,0,1
774,32,1,1
775,0,1,1
776,62,0,1
777,23,0,1
778,23,0,1
779,24,1,1
780,18,0,1
781,42,1,1
782,29,1,1
783,5,1,1
784,22,1,1
785,4,1,1
786,39,1,1
787,23,0,1
788,1,0,1
789,13,1,1
790,2,0,1
791,3,1,1
792,23,0,1
793,3,1,1
794,23,0,1
795,56,0,1
796,2,0,1
